40
Rhinobatos              0.0000000 0.0000010 0.0834192 0.1330915 0.0566307 0.1884858 0.2372530 0.2143505 0.2372530 0.2326162 0.3040988 0.4114245 0.4114245 0.2795065 0.2556949 0.2608770 0.3733788 0.2975486 0.2795065 0.3040988 0.9178316 1.1504478 1.1504478 1.0271154 1.0271154 1.1739239 1.2597316 2.1249100 2.1249100 1.4894366 2.1249100 1.1709269 2.2833918 9.0000000 9.0000000 2.0578262 1.8252100 2.1249100 1.3438196 0.6566016 
Raja                    0.0000010 0.0000000 0.0834192 0.1330915 0.0566307 0.1884858 0.2372530 0.2143505 0.2372530 0.2326162 0.3040988 0.4114245 0.4114245 0.2795065 0.2556949 0.2608770 0.3733788 0.2975486 0.2795065 0.3040988 0.9178316 1.1504478 1.1504478 1.0271154 1.0271154 1.1739239 1.2597316 2.1249100 2.1249100 1.4894366 2.1249100 1.1709269 2.2833918 9.0000000 9.0000000 2.0578262 1.8252100 2.1249100 1.3438196 0.6566016 
Heliobatis              0.0834192 0.0834192 0.0000000 0.0267886 0.0545695 0.0545695 0.1167400 0.1134232 0.0545695 0.0545695 0.0834192 0.0834192 0.0834192 0.0834192 0.0545695 0.0834192 0.3733788 0.0883373 0.0834192 0.2113884 0.9178316 1.1504478 1.1504478 1.0602700 1.0602700 1.3238184 1.5011100 2.1249100 2.1249100 1.4894366 2.1249100 1.2882386 9.0000000 9.0000000 9.0000000 9.0000000 9.0000000 2.1249100 2.1249100 0.6566016 
Asterotrygon            0.1330915 0.1330915 0.0267886 0.0000000 0.1045166 0.1330915 0.1367412 0.1045166 0.1330915 0.1330915 0.1627984 0.1330915 0.1330915 0.1330915 0.1330915 0.1627984 0.3733788 0.1721808 0.1627984 0.2597072 0.9178316 1.1504478 1.1504478 1.0914654 1.0914654 1.3438196 1.5111773 2.1249100 2.1249100 1.4894366 2.1249100 1.0997528 9.0000000 9.0000000 9.0000000 9.0000000 3.5716305 2.1249100 2.0727150 0.6566016 
Hexatrygon              0.0566307 0.0566307 0.0545695 0.1045166 0.0000000 0.1394734 0.1650464 0.1616973 0.1650464 0.1616973 0.2082238 0.2839182 0.2839182 0.1845998 0.1616973 0.1845998 0.3733788 0.2173355 0.2082238 0.2082238 0.9178316 1.1504478 1.1504478 1.1709269 1.1709269 1.3721248 1.4974154 2.1249100 2.1249100 1.4894366 2.1249100 1.3721248 9.0000000 9.0000000 9.0000000 9.0000000 2.7476712 2.1249100 1.6479184 0.6566016 
Plesiobatis             0.1884858 0.1884858 0.0545695 0.1330915 0.1394734 0.0000000 0.0899279 0.1291526 0.1092839 0.1268072 0.1884858 0.2556949 0.2556949 0.1673577 0.1468084 0.1495620 0.3733788 0.1772916 0.1268072 0.2102265 0.9178316 1.1504478 1.1504478 0.9043934 0.9043934 1.0271154 1.0969332 2.1249100 2.1249100 1.4894366 2.1249100 1.1709269 1.3438196 9.0000000 9.0000000 1.2807573 1.1897366 2.1249100 1.0763134 0.6566016 
Urolophus               0.2372530 0.2372530 0.1167400 0.1367412 0.1650464 0.0899279 0.0000000 0.0535942 0.1524212 0.1495620 0.2143505 0.3104818 0.3104818 0.1921266 0.1705424 0.1738512 0.3733788 0.2039503 0.1495620 0.2143505 0.9178316 1.1504478 1.1504478 0.9352742 0.9352742 1.0660393 1.1411019 2.1249100 2.1249100 1.4894366 2.1249100 1.2882386 1.4153022 9.0000000 9.0000000 1.3438196 1.2436711 2.1249100 1.1212707 0.6566016 
Trygonoptera            0.2143505 0.2143505 0.1134232 0.1045166 0.1616973 0.1291526 0.0535942 0.0000000 0.1113150 0.1092839 0.2143505 0.2852694 0.2852694 0.1291526 0.1092839 0.1315865 0.3733788 0.1584818 0.1495620 0.2143505 0.9178316 1.1504478 1.1504478 0.8775534 0.8775534 0.9978104 1.0660393 2.1249100 2.1249100 1.4894366 2.1249100 1.1709269 1.5460673 9.0000000 9.0000000 1.4594326 1.3438196 2.1249100 1.2070784 0.6566016 
Urobatis                0.2372530 0.2372530 0.0545695 0.1330915 0.1650464 0.1092839 0.1524212 0.1113150 0.0000000 0.0171436 0.1705424 0.2372530 0.2372530 0.1092839 0.0899279 0.0915770 0.3733788 0.1156130 0.1092839 0.2372530 0.9178316 1.1504478 1.1504478 0.9352742 0.9352742 1.0660393 1.1411019 2.1249100 2.1249100 1.4894366 2.1249100 1.1709269 1.7045491 9.0000000 9.0000000 1.6479184 1.5046270 2.1249100 1.3039872 0.6566016 
Urotrygon               0.2326162 0.2326162 0.0545695 0.1330915 0.1616973 0.1268072 0.1495620 0.1092839 0.0171436 0.0000000 0.1884858 0.2795065 0.2795065 0.1268072 0.1073256 0.1092839 0.3733788 0.1341142 0.1268072 0.2326162 0.9178316 1.1504478 1.1504478 0.8498238 0.8498238 0.9632471 1.0271154 2.1249100 2.1249100 1.4894366 2.1249100 1.1709269 1.5961738 9.0000000 9.0000000 1.5046270 1.3843700 2.1249100 1.2436711 0.6566016 
Paratrygon              0.3040988 0.3040988 0.0834192 0.1627984 0.2082238 0.1884858 0.2143505 0.2143505 0.1705424 0.1884858 0.0000000 0.1073256 0.1073256 0.1268072 0.1268072 0.0899279 0.3733788 0.1341142 0.1468084 0.2556949 0.9178316 1.1504478 1.1504478 0.9632471 0.9632471 1.0969332 1.1739239 2.1249100 2.1249100 1.4894366 2.1249100 1.0124450 1.9792930 9.0000000 9.0000000 1.8252100 1.6479184 2.1249100 1.4594326 0.6566016 
Plesiotrygon            0.4114245 0.4114245 0.0834192 0.1330915 0.2839182 0.2556949 0.3104818 0.2852694 0.2372530 0.2795065 0.1073256 0.0000000 0.0000010 0.1468084 0.1673577 0.1921266 0.3733788 0.1998497 0.2102265 0.3831192 0.9178316 1.1504478 1.1504478 1.3566404 1.3566404 1.5987205 1.7572023 2.1249100 2.1249100 1.4894366 2.1249100 1.1709269 2.8032522 9.0000000 9.0000000 3.0322885 2.3968151 2.1249100 1.7635314 0.6566016 
Potamotrygon            0.4114245 0.4114245 0.0834192 0.1330915 0.2839182 0.2556949 0.3104818 0.2852694 0.2372530 0.2795065 0.1073256 0.0000010 0.0000000 0.1468084 0.1673577 0.1921266 0.3733788 0.1998497 0.2102265 0.3831192 0.9178316 1.1504478 1.1504478 1.3566404 1.3566404 1.5987205 1.7572023 2.1249100 2.1249100 1.4894366 2.1249100 1.1709269 2.8032522 9.0000000 9.0000000 3.0322885 2.3968151 2.1249100 1.7635314 0.6566016 
_Himantura_             0.2795065 0.2795065 0.0834192 0.1330915 0.1845998 0.1673577 0.1921266 0.1291526 0.1092839 0.1268072 0.1268072 0.1468084 0.1468084 0.0000000 0.0517447 0.0526532 0.3733788 0.0932878 0.0883373 0.2326162 0.9178316 1.1504478 1.1504478 0.7989569 0.7989569 0.9043934 0.9632471 2.1249100 2.1249100 1.4894366 2.1249100 0.8816800 1.4594326 9.0000000 9.0000000 1.3843700 1.2807573 2.1249100 1.1553338 0.6566016 
Taeniura                0.2556949 0.2556949 0.0545695 0.1330915 0.1616973 0.1468084 0.1705424 0.1092839 0.0899279 0.1073256 0.1268072 0.1673577 0.1673577 0.0517447 0.0000000 0.0526532 0.3733788 0.0545695 0.0517447 0.2326162 0.9178316 1.1504478 1.1504478 0.7989569 0.7989569 0.9043934 0.9632471 2.1249100 2.1249100 1.4894366 2.1249100 1.0124450 1.4594326 9.0000000 9.0000000 1.3843700 1.2807573 2.1249100 1.1553338 0.6566016 
Himantura               0.2608770 0.2608770 0.0834192 0.1627984 0.1845998 0.1495620 0.1738512 0.1315865 0.0915770 0.1092839 0.0899279 0.1921266 0.1921266 0.0526532 0.0526532 0.0000000 0.3733788 0.0359350 0.0346883 0.1705424 0.9178316 1.1504478 1.1504478 0.7270504 0.7270504 0.8239592 0.8775534 2.1249100 2.1249100 1.4894366 2.1249100 0.8816800 1.3039872 9.0000000 9.0000000 1.2436711 1.1553338 2.1249100 1.0442801 0.6566016 
Hypolophites            0.3733788 0.3733788 0.3733788 0.3733788 0.3733788 0.3733788 0.3733788 0.3733788 0.3733788 0.3733788 0.3733788 0.3733788 0.3733788 0.3733788 0.3733788 0.3733788 0.0000000 0.4042474 0.3733788 0.3733788 0.4769916 0.5972486 0.5972486 0.4769916 0.4769916 0.4769916 0.5972486 0.5972486 0.5972486 0.4769916 0.5972486 0.4042474 0.9312848 1.2070784 1.2070784 0.9178316 0.7405400 1.1504478 0.9312848 0.6566016 
Dasyatis                0.2975486 0.2975486 0.0883373 0.1721808 0.2173355 0.1772916 0.2039503 0.1584818 0.1156130 0.1341142 0.1341142 0.1998497 0.1998497 0.0932878 0.0545695 0.0359350 0.4042474 0.0000000 0.0359350 0.1998497 1.0397208 1.3438196 1.3438196 0.7722146 0.7722146 0.8795402 0.8239592 9.0000000 9.0000000 1.8636800 9.0000000 1.0997528 1.4500575 9.0000000 9.0000000 1.1709269 1.0875076 1.3438196 1.1709269 0.7300869 
Pteroplatytrygon        0.2795065 0.2795065 0.0834192 0.1627984 0.2082238 0.1268072 0.1495620 0.1495620 0.1092839 0.1268072 0.1468084 0.2102265 0.2102265 0.0883373 0.0517447 0.0346883 0.3733788 0.0359350 0.0000000 0.2102265 0.9178316 1.1504478 1.1504478 0.7989569 0.7989569 0.9043934 0.9632471 2.1249100 2.1249100 1.4894366 2.1249100 1.0124450 1.2436711 9.0000000 9.0000000 1.1897366 1.1085764 2.1249100 1.0048308 0.6566016 
Gymnura                 0.3040988 0.3040988 0.2113884 0.2597072 0.2082238 0.2102265 0.2143505 0.2143505 0.2372530 0.2326162 0.2556949 0.3831192 0.3831192 0.2326162 0.2326162 0.1705424 0.3733788 0.1998497 0.2102265 0.0000000 0.9178316 1.1504478 1.1504478 0.7989569 0.7989569 0.9043934 0.9632471 2.1249100 2.1249100 1.4894366 2.1249100 1.0124450 1.2436711 9.0000000 9.0000000 1.3843700 1.2807573 2.1249100 1.0048308 0.6566016 
Apocopodon              0.9178316 0.9178316 0.9178316 0.9178316 0.9178316 0.9178316 0.9178316 0.9178316 0.9178316 0.9178316 0.9178316 0.9178316 0.9178316 0.9178316 0.9178316 0.9178316 0.4769916 1.0397208 0.9178316 0.9178316 0.0000000 0.2864510 0.2326162 0.1584818 0.1584818 0.2864510 0.3596798 0.3596798 0.5318606 0.5318606 0.6354734 0.4714565 0.9073784 1.1085764 0.7488966 0.4408400 0.3596798 0.3596798 0.2011980 0.5481656 
Igdabatis_sigmodon      1.1504478 1.1504478 1.1504478 1.1504478 1.1504478 1.1504478 1.1504478 1.1504478 1.1504478 1.1504478 1.1504478 1.1504478 1.1504478 1.1504478 1.1504478 1.1504478 0.5972486 1.3438196 1.1504478 1.1504478 0.2864510 0.0000000 0.2326162 0.5913430 0.5913430 0.5913430 0.8239592 0.8239592 0.5913430 0.3389888 0.2707600 0.3596798 1.2070784 1.2070784 1.5111773 0.3389888 0.2707600 0.5913430 0.4769916 1.0124450 
Brachyrhizodus          1.1504478 1.1504478 1.1504478 1.1504478 1.1504478 1.1504478 1.1504478 1.1504478 1.1504478 1.1504478 1.1504478 1.1504478 1.1504478 1.1504478 1.1504478 1.1504478 0.5972486 1.3438196 1.1504478 1.1504478 0.2326162 0.2326162 0.0000000 0.3831192 0.3831192 0.5716050 0.6872180 0.6872180 0.6872180 0.5716050 0.4714565 0.5068166 1.2647992 1.6479184 1.2647992 0.4714565 0.3831192 0.6872180 0.3733788 0.5481656 
Myliobatis_freminvillii 1.0271154 1.0271154 1.0602700 1.0914654 1.1709269 0.9043934 0.9352742 0.8775534 0.9352742 0.8498238 0.9632471 1.3566404 1.3566404 0.7989569 0.7989569 0.7270504 0.4769916 0.7722146 0.7989569 0.7989569 0.1584818 0.5913430 0.3831192 0.0000000 0.0000010 0.0319197 0.0484039 0.1505030 0.2707600 0.2707600 0.4974707 0.1367412 0.3040988 0.9913169 0.6872180 0.2979763 0.2739743 0.4140514 0.2719050 0.3469676 
Myliobatis_goodei       1.0271154 1.0271154 1.0602700 1.0914654 1.1709269 0.9043934 0.9352742 0.8775534 0.9352742 0.8498238 0.9632471 1.3566404 1.3566404 0.7989569 0.7989569 0.7270504 0.4769916 0.7722146 0.7989569 0.7989569 0.1584818 0.5913430 0.3831192 0.0000010 0.0000000 0.0319197 0.0484039 0.1505030 0.2707600 0.2707600 0.4974707 0.1367412 0.3040988 0.9913169 0.6872180 0.2979763 0.2739743 0.4140514 0.2719050 0.3469676 
Myliobatis_aguila       1.1739239 1.1739239 1.3238184 1.3438196 1.3721248 1.0271154 1.0660393 0.9978104 1.0660393 0.9632471 1.0969332 1.5987205 1.5987205 0.9043934 0.9043934 0.8239592 0.4769916 0.8795402 0.9043934 0.9043934 0.2864510 0.5913430 0.5716050 0.0319197 0.0319197 0.0000000 0.0319197 0.0969088 0.2082238 0.1505030 0.3389888 0.1001485 0.3040988 0.8239592 0.8239592 0.3484155 0.3227720 0.5913430 0.3241000 0.5481656 
Myliobatis_californicus 1.2597316 1.2597316 1.5011100 1.5111773 1.4974154 1.0969332 1.1411019 1.0660393 1.1411019 1.0271154 1.1739239 1.7572023 1.7572023 0.9632471 0.9632471 0.8775534 0.5972486 0.8239592 0.9632471 0.9632471 0.3596798 0.8239592 0.6872180 0.0484039 0.0484039 0.0319197 0.0000000 0.0969088 0.2082238 0.2707600 0.4974707 0.1367412 0.3295250 0.8239592 0.9913169 0.3227720 0.2979763 0.4974707 0.3516260 0.6734562 
Myliobatis_striatus     2.1249100 2.1249100 2.1249100 2.1249100 2.1249100 2.1249100 2.1249100 2.1249100 2.1249100 2.1249100 2.1249100 2.1249100 2.1249100 2.1249100 2.1249100 2.1249100 0.5972486 9.0000000 2.1249100 2.1249100 0.3596798 0.8239592 0.6872180 0.1505030 0.1505030 0.0969088 0.0969088 0.0000000 0.0969088 0.2707600 0.4974707 0.2197403 0.8239592 0.6872180 0.8239592 0.5913430 0.6986687 0.4974707 0.4769916 0.6734562 
Myliobatis_toliapicus   2.1249100 2.1249100 2.1249100 2.1249100 2.1249100 2.1249100 2.1249100 2.1249100 2.1249100 2.1249100 2.1249100 2.1249100 2.1249100 2.1249100 2.1249100 2.1249100 0.5972486 9.0000000 2.1249100 2.1249100 0.5318606 0.5913430 0.6872180 0.2707600 0.2707600 0.2082238 0.2082238 0.0969088 0.0000000 0.1505030 0.3389888 0.1018512 0.8239592 0.6872180 0.8239592 0.4140514 0.4974707 0.4974707 0.7405400 1.0124450 
Myliobatis_dixoni       1.4894366 1.4894366 1.4894366 1.4894366 1.4894366 1.4894366 1.4894366 1.4894366 1.4894366 1.4894366 1.4894366 1.4894366 1.4894366 1.4894366 1.4894366 1.4894366 0.4769916 1.8636800 1.4894366 1.4894366 0.5318606 0.3389888 0.5716050 0.2707600 0.2707600 0.1505030 0.2707600 0.2707600 0.1505030 0.0000000 0.1505030 0.0000010 0.6872180 0.6872180 0.9913169 0.4140514 0.3389888 0.6986687 0.5972486 0.8239592 
Myliobatis_wurnoensis   2.1249100 2.1249100 2.1249100 2.1249100 2.1249100 2.1249100 2.1249100 2.1249100 2.1249100 2.1249100 2.1249100 2.1249100 2.1249100 2.1249100 2.1249100 2.1249100 0.5972486 9.0000000 2.1249100 2.1249100 0.6354734 0.2707600 0.4714565 0.4974707 0.4974707 0.3389888 0.4974707 0.4974707 0.3389888 0.1505030 0.0000000 0.1584818 0.9913169 0.9913169 1.5111773 0.5913430 0.4974707 0.9744622 0.7405400 1.0124450 
Weissobatis_micklichi   1.1709269 1.1709269 1.2882386 1.0997528 1.3721248 1.1709269 1.2882386 1.1709269 1.1709269 1.1709269 1.0124450 1.1709269 1.1709269 0.8816800 1.0124450 0.8816800 0.4042474 1.0997528 1.0124450 1.0124450 0.4714565 0.3596798 0.5068166 0.1367412 0.1367412 0.1001485 0.1367412 0.2197403 0.1018512 0.0000010 0.1584818 0.0000000 0.4618204 0.6181316 0.9073784 0.4217307 0.3671612 0.6354734 0.5393420 0.7405400 
Aetobatus_narinari      2.2833918 2.2833918 9.0000000 9.0000000 9.0000000 1.3438196 1.4153022 1.5460673 1.7045491 1.5961738 1.9792930 2.8032522 2.8032522 1.4594326 1.4594326 1.3039872 0.9312848 1.4500575 1.2436711 1.2436711 0.9073784 1.2070784 1.2647992 0.3040988 0.3040988 0.3040988 0.3295250 0.8239592 0.8239592 0.6872180 0.9913169 0.4618204 0.0000000 0.0517447 0.1073256 0.2556949 0.2556949 0.9913169 0.2777803 1.0397208 
Aetobatus_arcuatus      9.0000000 9.0000000 9.0000000 9.0000000 9.0000000 9.0000000 9.0000000 9.0000000 9.0000000 9.0000000 9.0000000 9.0000000 9.0000000 9.0000000 9.0000000 9.0000000 1.2070784 9.0000000 9.0000000 9.0000000 1.1085764 1.2070784 1.6479184 0.9913169 0.9913169 0.8239592 0.8239592 0.6872180 0.6872180 0.6872180 0.9913169 0.6181316 0.0517447 0.0000000 0.1673577 0.8239592 0.8239592 1.2070784 0.9312848 1.3438196 
Aetobatus_irregularis   9.0000000 9.0000000 9.0000000 9.0000000 9.0000000 9.0000000 9.0000000 9.0000000 9.0000000 9.0000000 9.0000000 9.0000000 9.0000000 9.0000000 9.0000000 9.0000000 1.2070784 9.0000000 9.0000000 9.0000000 0.7488966 1.5111773 1.2647992 0.6872180 0.6872180 0.8239592 0.9913169 0.8239592 0.8239592 0.9913169 1.5111773 0.9073784 0.1073256 0.1673577 0.0000000 0.8239592 0.8239592 0.8239592 0.7300869 1.0397208 
Rhinoptera_quadriloba   2.0578262 2.0578262 9.0000000 9.0000000 9.0000000 1.2807573 1.3438196 1.4594326 1.6479184 1.5046270 1.8252100 3.0322885 3.0322885 1.3843700 1.3843700 1.2436711 0.9178316 1.1709269 1.1897366 1.3843700 0.4408400 0.3389888 0.4714565 0.2979763 0.2979763 0.3484155 0.3227720 0.5913430 0.4140514 0.4140514 0.5913430 0.4217307 0.2556949 0.8239592 0.8239592 0.0000000 0.0163050 0.1505030 0.1553922 1.0124450 
Rhinoptera_bonasus      1.8252100 1.8252100 9.0000000 3.5716305 2.7476712 1.1897366 1.2436711 1.3438196 1.5046270 1.3843700 1.6479184 2.3968151 2.3968151 1.2807573 1.2807573 1.1553338 0.7405400 1.0875076 1.1085764 1.2807573 0.3596798 0.2707600 0.3831192 0.2739743 0.2739743 0.3227720 0.2979763 0.6986687 0.4974707 0.3389888 0.4974707 0.3671612 0.2556949 0.8239592 0.8239592 0.0163050 0.0000000 0.2082238 0.1341142 0.8239592 
Rhinoptera_davisei      2.1249100 2.1249100 2.1249100 2.1249100 2.1249100 2.1249100 2.1249100 2.1249100 2.1249100 2.1249100 2.1249100 2.1249100 2.1249100 2.1249100 2.1249100 2.1249100 1.1504478 1.3438196 2.1249100 2.1249100 0.3596798 0.5913430 0.6872180 0.4140514 0.4140514 0.5913430 0.4974707 0.4974707 0.4974707 0.6986687 0.9744622 0.6354734 0.9913169 1.2070784 0.8239592 0.1505030 0.2082238 0.0000000 0.3733788 0.6734562 
Mobula                  1.3438196 1.3438196 2.1249100 2.0727150 1.6479184 1.0763134 1.1212707 1.2070784 1.3039872 1.2436711 1.4594326 1.7635314 1.7635314 1.1553338 1.1553338 1.0442801 0.9312848 1.1709269 1.0048308 1.0048308 0.2011980 0.4769916 0.3733788 0.2719050 0.2719050 0.3241000 0.3516260 0.4769916 0.7405400 0.5972486 0.7405400 0.5393420 0.2777803 0.9312848 0.7300869 0.1553922 0.1341142 0.3733788 0.0000000 0.2011980 
Manta_hamiltoni         0.6566016 0.6566016 0.6566016 0.6566016 0.6566016 0.6566016 0.6566016 0.6566016 0.6566016 0.6566016 0.6566016 0.6566016 0.6566016 0.6566016 0.6566016 0.6566016 0.6566016 0.7300869 0.6566016 0.6566016 0.5481656 1.0124450 0.5481656 0.3469676 0.3469676 0.5481656 0.6734562 0.6734562 1.0124450 0.8239592 1.0124450 0.7405400 1.0397208 1.3438196 1.0397208 1.0124450 0.8239592 0.6734562 0.2011980 0.0000000 
