71
Bos_taurus                  0.0000000 0.1491104 0.1951656 0.1593824 0.1786682 0.1736435 0.2162593 0.2473355 0.9975607 0.9615687 1.0314696 0.8811411 1.1215112 1.1167176 0.8325805 0.3783268 0.4103669 0.3868481 0.3891525 0.3883430 0.3550146 0.3914669 0.2561212 0.2614386 0.3873985 0.3951968 0.3710236 0.6017789 0.4753232 0.4338261 0.5960542 0.5499488 0.7372576 0.7249288 0.5158660 0.5051905 0.5234189 0.5644529 0.4692929 0.4954638 0.5073384 0.3642567 0.5281031 0.6390615 0.3556188 0.2259025 0.2794137 0.3818806 0.3416114 0.4687083 0.3698792 0.3996442 0.4641659 0.3750846 0.3775050 0.3341846 0.4030878 0.3574576 0.5201589 0.4663465 0.4330302 0.2733040 0.3531785 0.4968044 0.4713616 0.5360418 0.5537262 0.3084332 0.3637225 0.4566994 0.3622257 
Ovis_aries                  0.1491104 0.0000000 0.1695301 0.1604593 0.1871176 0.1650107 0.1965688 0.2513208 0.8954289 0.8330603 0.9277408 0.8573073 1.0395068 1.0140635 0.7762985 0.4479859 0.4615234 0.4096000 0.4140734 0.3899765 0.3637581 0.3644678 0.2297341 0.2485535 0.3680088 0.3735523 0.3507084 0.5521085 0.4552944 0.4092184 0.5283819 0.4590258 0.7237803 0.6687045 0.5162532 0.5027949 0.5009625 0.5288758 0.3999459 0.4212197 0.4590258 0.3983632 0.5436043 0.5313144 0.3286005 0.2241627 0.2995168 0.3273284 0.2926038 0.3813513 0.3566995 0.4040979 0.4480607 0.3324065 0.3712179 0.3088302 0.4777883 0.3003679 0.4575898 0.4168462 0.4184100 0.2723517 0.4008106 0.4121651 0.4760178 0.5329121 0.5689789 0.2485366 0.3521941 0.4282056 0.3766543 
Odocoileus_virginianus      0.1951656 0.1695301 0.0000000 0.1215432 0.1686404 0.1825446 0.1732768 0.2473251 0.9395906 0.8999956 0.9391765 0.8300245 0.9509280 0.9971214 0.8023423 0.3825564 0.4000621 0.3569205 0.3420019 0.3658923 0.3224517 0.3549385 0.2636299 0.2831882 0.3238711 0.3925105 0.3112981 0.5314734 0.4256880 0.3691692 0.4866909 0.5662846 0.6575959 0.6551331 0.4110421 0.4713616 0.4673634 0.4835344 0.4321731 0.4190213 0.4192530 0.3486646 0.4795370 0.4508662 0.3049956 0.1973281 0.2604198 0.3216052 0.3065984 0.3563840 0.2783128 0.3145976 0.3975198 0.2890069 0.3100828 0.2857873 0.3926804 0.2884864 0.4553694 0.3412276 0.3479481 0.2868913 0.2653781 0.3485034 0.4056550 0.4432325 0.4960762 0.2440943 0.3521941 0.3117691 0.3728651 
Cervus_elaphus              0.1593824 0.1604593 0.1215432 0.0000000 0.1879702 0.1556466 0.1718879 0.2663787 0.9822125 1.0033107 1.0957749 0.9445096 1.0918803 1.1293365 0.8271273 0.4245619 0.4291245 0.4020218 0.4113815 0.4008106 0.3802440 0.3660182 0.2475154 0.2721016 0.3653870 0.3540693 0.3200356 0.5799734 0.4676633 0.3964453 0.5418797 0.5553991 0.6904876 0.7277135 0.4830217 0.5088359 0.4539393 0.5064529 0.4700974 0.4627827 0.5083809 0.3560771 0.5422057 0.5618312 0.2753938 0.2030689 0.2624072 0.3420458 0.3019625 0.4180497 0.3261709 0.3558391 0.4461389 0.2906588 0.3231379 0.2609810 0.4030878 0.2948568 0.4527260 0.3605507 0.3753854 0.2181320 0.4087670 0.3832160 0.3991660 0.4981975 0.5341743 0.2263649 0.3245540 0.4058162 0.3747691 
Giraffa_camelopardalis      0.1786682 0.1871176 0.1686404 0.1879702 0.0000000 0.1740274 0.2019999 0.2679306 0.9195118 0.8671570 0.9133625 0.7812441 0.9689688 0.9492061 0.8458936 0.3731275 0.4245754 0.3893108 0.3830012 0.3899765 0.3517423 0.3880043 0.2549050 0.2531861 0.3477125 0.3722295 0.3668997 0.5217174 0.4256880 0.4014615 0.5043628 0.5678760 0.7185196 0.7283866 0.4939432 0.4685169 0.5123461 0.4510965 0.3803694 0.4594308 0.4721808 0.3779708 0.5198576 0.5626072 0.3209574 0.2768323 0.3123719 0.3615538 0.3073177 0.4241879 0.3356975 0.3556188 0.4619528 0.3320455 0.3291615 0.3162414 0.4201509 0.3129036 0.4350778 0.4037569 0.3995328 0.2797337 0.3081225 0.4256880 0.4236629 0.4653781 0.5504252 0.2597475 0.3245540 0.3753854 0.3492256 
Antilocapra_americana       0.1736435 0.1650107 0.1825446 0.1556466 0.1740274 0.0000000 0.1717076 0.2213467 0.9075845 0.9051581 1.0177536 0.8828263 1.0970423 1.0436808 0.8417579 0.4444549 0.4532091 0.4119136 0.4059486 0.3988433 0.3417597 0.3742819 0.2664248 0.2074294 0.3538402 0.4400562 0.3574238 0.5162054 0.4400934 0.4273188 0.4900879 0.5449387 0.6894766 0.6366542 0.4747669 0.4860536 0.4963518 0.4835344 0.4126414 0.4324085 0.4388635 0.3425824 0.5078563 0.5514280 0.3274007 0.2286974 0.2426642 0.3211695 0.3173977 0.3790966 0.3261709 0.3464617 0.4428834 0.2764812 0.3035185 0.2745004 0.4713616 0.2743549 0.4615526 0.3830530 0.3545766 0.2391852 0.4513311 0.4465224 0.4318155 0.4170524 0.6113210 0.2440943 0.3162414 0.3984848 0.3291222 
Moschus_moschiferus         0.2162593 0.1965688 0.1732768 0.1718879 0.2019999 0.1717076 0.0000000 0.2191441 1.0144965 0.9477649 1.0875971 0.9628496 1.1518041 1.0804713 0.9366084 0.4186408 0.4055782 0.4162249 0.3834696 0.3736634 0.3566995 0.3216052 0.2073217 0.2461847 0.3292657 0.3782874 0.3175217 0.5101309 0.3889714 0.3426849 0.5271021 0.5570455 0.7165833 0.6935500 0.4302921 0.4076427 0.4764283 0.4325327 0.3803694 0.3790092 0.3956160 0.3225262 0.5006449 0.5806585 0.2706727 0.1902155 0.2281205 0.3180116 0.3143335 0.3314667 0.2433105 0.3071538 0.4206413 0.3152325 0.2611846 0.2635496 0.3154647 0.2601743 0.4069079 0.2972291 0.3231379 0.2797337 0.3138778 0.3485034 0.3613991 0.4213250 0.4993069 0.2499885 0.3361164 0.3267017 0.3616187 
Tragulus                    0.2473355 0.2513208 0.2473251 0.2663787 0.2679306 0.2213467 0.2191441 0.0000000 0.8790461 0.8442152 0.8615607 0.7948572 0.9221372 0.9854656 0.7549400 0.4016899 0.4112528 0.3360526 0.3180475 0.3540693 0.3154337 0.3774466 0.2818441 0.2270300 0.3542927 0.3785883 0.3566333 0.5120397 0.3746379 0.3548195 0.4559159 0.3969495 0.6186688 0.5725258 0.4579691 0.4826903 0.4395196 0.4596074 0.3422851 0.3271725 0.4005289 0.3955461 0.4663465 0.5352985 0.3139725 0.1961022 0.2223035 0.2805366 0.3017242 0.3971708 0.3003405 0.3074962 0.4150722 0.3152804 0.3080284 0.2777730 0.3213854 0.2414839 0.4271748 0.4302542 0.3396778 0.2629307 0.3081225 0.3985302 0.3960289 0.5017014 0.4713616 0.2972291 0.3853110 0.3746042 0.3185069 
Tursiops_truncatus          0.9975607 0.8954289 0.9395906 0.9822125 0.9195118 0.9075845 1.0144965 0.8790461 0.0000000 0.1731581 0.1435100 0.1287513 0.2304079 0.1879023 0.2876321 0.9094164 0.8808255 0.8592219 0.9704876 0.9526284 0.8613787 0.9454536 0.9702274 0.8423744 0.9141989 0.7676573 0.8208063 0.7987921 0.9110179 0.8645636 0.5605572 0.6654231 0.4316832 0.3957894 0.8806509 0.8539167 0.7927048 0.8608458 0.8657442 0.8049064 0.8644739 0.9110179 0.7346710 0.6841505 0.7635756 0.9048263 1.0583621 0.8617281 0.8140035 0.9095790 1.2856221 0.9199078 0.8922799 0.8623411 0.9839749 0.7539416 0.8405534 0.9204449 0.8967253 1.0249569 0.7733223 0.8456090 0.8657442 0.9686865 0.8586700 0.7879676 0.9344504 1.1724958 0.4256880 0.7827335 0.8748518 
Monodon_monoceros           0.9615687 0.8330603 0.8999956 1.0033107 0.8671570 0.9051581 0.9477649 0.8442152 0.1731581 0.0000000 0.1694769 0.1996519 0.2639449 0.2370937 0.2638336 0.8980347 0.9110179 0.8874783 0.9051581 0.8876136 0.8939524 0.9454895 0.9346811 0.8549449 0.8405534 0.8244723 0.8096124 0.7992954 0.8112076 0.8296896 0.4425919 0.8657442 0.4037569 0.3977382 0.7824443 0.7518658 0.8966007 0.8321074 0.7298631 0.7220158 0.7710945 0.8625059 0.6767921 0.4663465 0.7906050 0.9130807 0.9936543 0.8478893 0.8202012 0.8530536 0.9701057 0.8990081 0.8526951 0.8431695 0.8956975 0.7126433 0.4256880 0.8788743 0.8253323 1.5647516 0.8879595 0.8197767 0.3498782 0.9219453 0.8642463 0.8456090 0.7787736 1.0393290 0.0000010 0.6602540 0.7869053 
Inia_geoffrensis            1.0314696 0.9277408 0.9391765 1.0957749 0.9133625 1.0177536 1.0875971 0.8615607 0.1435100 0.1694769 0.0000000 0.1349093 0.2321445 0.2346036 0.2758980 0.8927224 0.8744564 0.8010507 0.9235397 0.9189538 0.8253323 1.0061793 1.0703196 0.9439809 0.8173577 0.8105565 0.8664458 0.7723017 0.8353904 0.8133771 0.4619974 1.2717136 0.4197356 0.4130424 0.8933711 0.9078649 0.8243313 0.8872589 0.7745167 0.7845557 0.7784128 0.8782601 0.7635756 0.6605640 0.7384481 0.9202858 1.1115819 0.8779554 0.8847957 0.9584514 1.1612913 0.9625352 0.8711008 0.8857452 0.9298167 0.7336323 0.7635756 0.9920284 0.9051581 1.2556531 0.8151384 1.0129447 0.6570478 0.9155102 0.8137580 0.6917609 0.8857452 1.2019865 0.3498782 0.8243313 0.9898695 
Pontoporia_blainvillei      0.8811411 0.8573073 0.8300245 0.9445096 0.7812441 0.8828263 0.9628496 0.7948572 0.1287513 0.1996519 0.1349093 0.0000000 0.2505848 0.2551391 0.3014748 0.8136362 0.7862836 0.7002540 0.8061582 0.7777403 0.7227696 0.8828263 1.0168442 0.8911776 0.7421152 0.6819654 0.7944161 0.8078338 0.7697561 0.7139155 0.4534106 0.6931111 0.4040136 0.4175579 0.7379326 0.7635756 0.7439669 0.7871992 0.7521859 0.6616850 0.7558476 0.7990420 0.7226509 0.6075660 0.7250083 0.8483945 1.0160336 0.7584050 0.7390400 0.8265779 1.0963973 0.7993806 0.8193208 0.8237110 0.8310498 0.6586754 0.8405534 0.9250109 0.8441654 1.2984538 0.7051860 1.0387770 0.8657442 0.7517551 0.7894844 0.6570478 0.8954289 1.0422166 0.4256880 0.7436543 0.8321074 
Kogia_breviceps             1.1215112 1.0395068 0.9509280 1.0918803 0.9689688 1.0970423 1.1518041 0.9221372 0.2304079 0.2639449 0.2321445 0.2505848 0.0000000 0.2227185 0.2832659 0.9366084 0.8866377 0.8228222 0.9517478 0.9107278 0.9319311 0.9547910 1.1156600 0.8623411 0.8285436 0.8340401 0.8537924 0.8331248 0.8496471 0.8000778 0.5309000 0.9289514 0.4338983 0.3921438 0.8227332 0.9170693 0.8604588 0.9377608 0.7403183 0.6502187 0.7559420 0.9202858 0.7560341 0.6815422 0.7771260 1.0146628 1.0191089 0.8492502 0.8828263 0.8881854 1.4748171 0.8471779 0.9011421 0.8326907 0.8224236 0.7117991 0.4777883 0.9698053 0.8474452 1.3875065 0.8285436 0.8657442 0.5449387 0.7753405 0.7635756 0.9084481 0.9867429 1.0360504 0.4256880 0.8049064 0.9425284 
Ziphius_cavirostris         1.1167176 1.0140635 0.9971214 1.1293365 0.9492061 1.0436808 1.0804713 0.9854656 0.1879023 0.2370937 0.2346036 0.2551391 0.2227185 0.0000000 0.2853298 0.9262285 1.0069260 0.9197404 0.9645440 1.0005095 0.9661021 0.8945932 1.1425224 0.9698053 0.9398743 0.8335468 0.8857452 0.8177463 0.9411780 0.9212773 0.6087695 0.8657442 0.4482952 0.4362367 0.9356522 0.8636959 0.8498595 1.0000491 0.9888176 0.7777403 0.8670470 0.7445634 0.7950259 0.5806585 0.7635756 0.9563499 1.2169123 0.8690321 0.9142857 0.9645440 1.3000376 1.0261431 0.9107278 0.9074196 1.0713757 0.8857452 0.6017789 0.9980464 0.9915734 1.2948901 0.8529469 1.0289537 0.7635756 0.7760447 0.8340401 0.9922730 0.9155102 1.0499429 0.4256880 0.8143012 0.9072695 
Balaenoptera_acutorostrata  0.8325805 0.7762985 0.8023423 0.8271273 0.8458936 0.8417579 0.9366084 0.7549400 0.2876321 0.2638336 0.2758980 0.3014748 0.2832659 0.2853298 0.0000000 0.7510440 0.7765629 0.7231800 0.7681005 0.7635756 0.7221687 0.8285436 0.8687378 0.7635756 0.7415479 0.7325711 0.7353699 0.6262796 0.8349551 0.7339867 0.4556538 0.8748518 0.3429229 0.3337313 0.7120128 0.7327460 0.6433676 0.9237306 0.6071931 0.6146658 0.6660131 0.9155102 0.6597733 0.7150182 0.6407379 0.8315338 0.9270845 0.8351267 0.8326907 0.7203026 1.1487770 0.8227332 0.9036897 0.8340401 0.8263668 0.5731303 1.3411983 0.8056013 0.7850360 2.8616560 0.6956647 1.0608047 2.6823965 0.7912024 0.7635756 0.7502420 0.8489745 0.9807432 9.0000000 0.6605640 0.8990081 
Hippopotamus_amphibius      0.3783268 0.4479859 0.3825564 0.4245619 0.3731275 0.4444549 0.4186408 0.4016899 0.9094164 0.8980347 0.8927224 0.8136362 0.9366084 0.9262285 0.7510440 0.0000000 0.1540568 0.3133972 0.2537410 0.2686465 0.2719972 0.2929026 0.4008106 0.3875043 0.3818543 0.4021650 0.4514799 0.5255341 0.4032589 0.3350190 0.4692140 0.3069380 0.6685555 0.5545797 0.3982922 0.3922285 0.4350383 0.4372738 0.3719059 0.3549890 0.4323282 0.3013444 0.3719059 0.4351578 0.3564920 0.4122764 0.4049830 0.3252901 0.3793154 0.4109253 0.2988039 0.2624383 0.3213854 0.2909239 0.2456663 0.2041958 0.2262184 0.3594048 0.4256880 0.4817315 0.2761309 0.2413239 0.1288736 0.2612218 0.2656038 0.2426642 0.3790386 0.3687778 0.2403458 0.2956710 0.2876321 
Choeropsis_liberiensis      0.4103669 0.4615234 0.4000621 0.4291245 0.4245754 0.4532091 0.4055782 0.4112528 0.8808255 0.9110179 0.8744564 0.7862836 0.8866377 1.0069260 0.7765629 0.1540568 0.0000000 0.3007868 0.2735589 0.3069787 0.2829452 0.2835223 0.3876793 0.3999885 0.3985039 0.3842647 0.4289624 0.5132000 0.3655526 0.3199860 0.4341807 0.2426642 0.5925905 0.4737783 0.4213250 0.3522838 0.3830012 0.4452393 0.4524104 0.3792625 0.3908701 0.2850040 0.3794312 0.3941527 0.2864763 0.3826677 0.3814600 0.2988039 0.3443226 0.3922046 0.2956710 0.2741180 0.3326843 0.3137071 0.2957235 0.2032889 0.2311152 0.3446620 0.4165555 0.4122469 0.3110204 0.2570068 0.1644662 0.2799871 0.2794348 0.3109732 0.3991925 0.3777465 0.1974792 0.3303461 0.2908380 
Sus_scrofa                  0.3868481 0.4096000 0.3569205 0.4020218 0.3893108 0.4119136 0.4162249 0.3360526 0.8592219 0.8874783 0.8010507 0.7002540 0.8228222 0.9197404 0.7231800 0.3133972 0.3007868 0.0000000 0.1387745 0.1387745 0.1655047 0.1876624 0.3859468 0.3653780 0.3276136 0.3529896 0.4058582 0.5040182 0.3743257 0.2888678 0.4171519 0.1888924 0.6369789 0.5981219 0.3727375 0.4225463 0.4165178 0.4143279 0.3847220 0.3414620 0.4279312 0.3755476 0.4823441 0.4707440 0.3303461 0.3670374 0.3384185 0.2940464 0.3215981 0.3545413 0.3005736 0.2321220 0.3120802 0.2819216 0.2643104 0.2608902 0.2413239 0.2941022 0.3749412 0.4026663 0.3096363 0.2764812 0.1489098 0.2820311 0.3129036 0.3498782 0.3488951 0.3922547 0.4256880 0.3965730 0.3160061 
Babyrousa_babyrussa         0.3891525 0.4140734 0.3420019 0.4113815 0.3830012 0.4059486 0.3834696 0.3180475 0.9704876 0.9051581 0.9235397 0.8061582 0.9517478 0.9645440 0.7681005 0.2537410 0.2735589 0.1387745 0.0000000 0.1241963 0.1124010 0.2031171 0.3689382 0.3400782 0.3221639 0.3611991 0.4086109 0.4367075 0.3723365 0.2961309 0.4387091 0.1825446 0.6131686 0.5902867 0.3836749 0.4057270 0.3955083 0.3953816 0.3344019 0.3030095 0.3656792 0.2972291 0.4504730 0.3689065 0.2988039 0.3503923 0.3464347 0.2641997 0.3094662 0.3480431 0.3162414 0.2236931 0.3096940 0.3057535 0.2511202 0.2572214 0.2764812 0.3218447 0.3964453 0.4495674 0.3035185 0.3564256 0.1828493 0.3201453 0.2919156 0.3084652 0.3189380 0.4060793 0.2850040 0.3390299 0.3197797 
Potamochoerus_porcus        0.3883430 0.3899765 0.3658923 0.4008106 0.3899765 0.3988433 0.3736634 0.3540693 0.9526284 0.8876136 0.9189538 0.7777403 0.9107278 1.0005095 0.7635756 0.2686465 0.3069787 0.1387745 0.1241963 0.0000000 0.1559560 0.1520730 0.3910330 0.3692996 0.3070447 0.3773824 0.4051108 0.5032634 0.4030417 0.3136734 0.4945978 0.2584624 0.6559343 0.6563945 0.4302921 0.4403083 0.4716600 0.4377033 0.3878808 0.3642567 0.4991905 0.3898752 0.5268875 0.4404377 0.3528615 0.3796993 0.3676936 0.3252978 0.3331338 0.3791210 0.3367147 0.2337876 0.3005121 0.3139389 0.2725360 0.2854086 0.2440196 0.3039951 0.4175816 0.4400562 0.3527689 0.3655526 0.2653781 0.3082571 0.3283390 0.3515651 0.3578211 0.4324085 0.4450687 0.3884795 0.3248052 
Hylochoerus_meinertzhageni  0.3550146 0.3637581 0.3224517 0.3802440 0.3517423 0.3417597 0.3566995 0.3154337 0.8613787 0.8939524 0.8253323 0.7227696 0.9319311 0.9661021 0.7221687 0.2719972 0.2829452 0.1655047 0.1124010 0.1559560 0.0000000 0.2495971 0.3729060 0.3508994 0.2896648 0.3692278 0.4128673 0.4708551 0.4181737 0.3058797 0.4322497 0.3020047 0.6477081 0.5941248 0.4287461 0.4403083 0.3798889 0.4053618 0.3766543 0.3597775 0.3880043 0.3195718 0.4338983 0.3925397 0.3071172 0.3559957 0.3484398 0.2726774 0.3200616 0.3589858 0.3073031 0.2719648 0.3444115 0.3050295 0.2797958 0.2842118 0.2615603 0.3554321 0.4305756 0.4400562 0.3086188 0.3637225 0.2162593 0.3470779 0.3012821 0.3464617 0.3580834 0.4122874 0.3015432 0.3953816 0.3286209 
Tayassu_tajacu              0.3914669 0.3644678 0.3549385 0.3660182 0.3880043 0.3742819 0.3216052 0.3774466 0.9454536 0.9454895 1.0061793 0.8828263 0.9547910 0.8945932 0.8285436 0.2929026 0.2835223 0.1876624 0.2031171 0.1520730 0.2495971 0.0000000 0.3906308 0.3559957 0.2991830 0.3286005 0.3454980 0.5421223 0.3706434 0.3199234 0.4797738 0.3469457 0.7045733 0.6816703 0.4211467 0.4321169 0.4470567 0.4427476 0.4327954 0.3895976 0.4679857 0.3190264 0.5242194 0.5618312 0.3088302 0.3483699 0.3503604 0.3191085 0.3582626 0.3468305 0.3020914 0.2178040 0.3306561 0.2771478 0.3003957 0.2927582 0.2040042 0.3038693 0.3696445 0.2798473 0.3401429 0.3116387 0.2051109 0.3085364 0.2839097 0.3114098 0.3488951 0.3676936 0.4384109 0.3840127 0.3593840 
Camelus_dromedarius         0.2561212 0.2297341 0.2636299 0.2475154 0.2549050 0.2664248 0.2073217 0.2818441 0.9702274 0.9346811 1.0703196 1.0168442 1.1156600 1.1425224 0.8687378 0.4008106 0.3876793 0.3859468 0.3689382 0.3910330 0.3729060 0.3906308 0.0000000 0.1733673 0.3327751 0.3392548 0.3353176 0.5299047 0.3926804 0.3455417 0.4213250 0.4713616 0.6421680 0.6120806 0.4359853 0.4570495 0.3875477 0.4306190 0.2909869 0.3446353 0.3897264 0.3811482 0.4374668 0.5678760 0.2552034 0.2542007 0.2176901 0.2771973 0.2733611 0.3550841 0.3086188 0.3190727 0.3971342 0.3203830 0.2637493 0.2873280 0.3355100 0.2795225 0.4046469 0.3820480 0.2578039 0.1757027 0.2803935 0.4398728 0.3672199 0.3706765 0.5023400 0.2354725 0.3170871 0.3450182 0.3498782 
Lama_glama                  0.2614386 0.2485535 0.2831882 0.2721016 0.2531861 0.2074294 0.2461847 0.2270300 0.8423744 0.8549449 0.9439809 0.8911776 0.8623411 0.9698053 0.7635756 0.3875043 0.3999885 0.3653780 0.3400782 0.3692996 0.3508994 0.3559957 0.1733673 0.0000000 0.3231379 0.3793459 0.3182288 0.5735675 0.4138884 0.3454534 0.4390216 0.4410494 0.5483293 0.4882418 0.4301804 0.4671044 0.4208711 0.4122874 0.2646517 0.3258723 0.3949018 0.3368842 0.4582442 0.4108067 0.3084150 0.2436566 0.1788968 0.2627414 0.2930770 0.3474595 0.3335545 0.3208301 0.3796993 0.2882738 0.2697373 0.2710345 0.4421902 0.2455370 0.3902545 0.4256880 0.2678598 0.3079054 0.4256880 0.3512640 0.3498782 0.3766543 0.4491638 0.2415291 0.3667707 0.3382614 0.2960889 
Dicerorhinus_sumatrensis    0.3873985 0.3680088 0.3238711 0.3653870 0.3477125 0.3538402 0.3292657 0.3542927 0.9141989 0.8405534 0.8173577 0.7421152 0.8285436 0.9398743 0.7415479 0.3818543 0.3985039 0.3276136 0.3221639 0.3070447 0.2896648 0.2991830 0.3327751 0.3231379 0.0000000 0.2218900 0.2260959 0.4149845 0.3076291 0.1678514 0.4135401 0.6393793 0.6027732 0.5776227 0.3340737 0.3560463 0.3199658 0.4010650 0.2994783 0.3100828 0.4184100 0.3513998 0.4850526 0.4494144 0.3081225 0.3243781 0.3563840 0.3041833 0.2885635 0.3435704 0.3149813 0.3520334 0.4303306 0.3477496 0.3195289 0.3508364 0.3597063 0.3374298 0.2936051 0.3303461 0.3110799 0.3474115 0.3213854 0.2972291 0.3447787 0.3237800 0.3333214 0.3580296 0.3389431 0.3092775 0.3943560 
Tapirus_terrestris          0.3951968 0.3735523 0.3925105 0.3540693 0.3722295 0.4400562 0.3782874 0.3785883 0.7676573 0.8244723 0.8105565 0.6819654 0.8340401 0.8335468 0.7325711 0.4021650 0.3842647 0.3529896 0.3611991 0.3773824 0.3692278 0.3286005 0.3392548 0.3793459 0.2218900 0.0000000 0.2099992 0.4997809 0.3166349 0.1914055 0.4473343 0.5139114 0.6276512 0.6366108 0.3493093 0.3360275 0.3303461 0.3354686 0.3388351 0.3000023 0.4146940 0.3511505 0.4316192 0.4445746 0.2564970 0.3571401 0.3837504 0.3489104 0.3112613 0.4152432 0.3656236 0.3350190 0.4076107 0.3454194 0.3082183 0.3924831 0.3251647 0.3378876 0.3211161 0.4211093 0.3536841 0.3042615 0.2917526 0.3526000 0.2945878 0.3354037 0.2701997 0.3354686 0.3425824 0.3575750 0.3974649 
Equus_caballus              0.3710236 0.3507084 0.3112981 0.3200356 0.3668997 0.3574238 0.3175217 0.3566333 0.8208063 0.8096124 0.8664458 0.7944161 0.8537924 0.8857452 0.7353699 0.4514799 0.4289624 0.4058582 0.4086109 0.4051108 0.4128673 0.3454980 0.3353176 0.3182288 0.2260959 0.2099992 0.0000000 0.5033553 0.3269996 0.2047862 0.5539668 0.8165970 0.6443249 0.6227923 0.4300058 0.4427906 0.4325751 0.4465827 0.3860706 0.3802973 0.4171519 0.4195037 0.5409557 0.5846550 0.2911977 0.3251647 0.3353353 0.3708897 0.3309140 0.4056240 0.3575750 0.3320938 0.4185958 0.3160505 0.3218009 0.3541856 0.2641997 0.3407172 0.3156229 0.4122469 0.3326299 0.2262184 0.2286974 0.3825177 0.4077662 0.3580296 0.4256880 0.3064373 0.3569205 0.3368060 0.4047124 
Orycteropus_afer            0.6017789 0.5521085 0.5314734 0.5799734 0.5217174 0.5162054 0.5101309 0.5120397 0.7987921 0.7992954 0.7723017 0.8078338 0.8331248 0.8177463 0.6262796 0.5255341 0.5132000 0.5040182 0.4367075 0.5032634 0.4708551 0.5421223 0.5299047 0.5735675 0.4149845 0.4997809 0.5033553 0.0000000 0.3550242 0.4384109 0.4890096 0.7635756 0.5116749 0.4572500 0.4191198 0.4600013 0.5193238 0.4482119 0.4717991 0.4453256 0.4354063 0.6056837 0.6029066 0.4898222 0.5672706 0.5693307 0.5681529 0.4993290 0.5194362 0.4289916 0.5353784 0.5038988 0.6686865 0.4894243 0.5316507 0.5651380 0.8630312 0.5020773 0.3870386 0.7097935 0.4935721 0.8285436 0.8617281 0.5372305 0.5464973 0.5271021 0.4395541 0.5868055 0.6351167 0.4914740 0.6089836 
Hyopsodus                   0.4753232 0.4552944 0.4256880 0.4676633 0.4256880 0.4400934 0.3889714 0.3746379 0.9110179 0.8112076 0.8353904 0.7697561 0.8496471 0.9411780 0.8349551 0.4032589 0.3655526 0.3743257 0.3723365 0.4030417 0.4181737 0.3706434 0.3926804 0.4138884 0.3076291 0.3166349 0.3269996 0.3550242 0.0000000 0.1846989 0.4256880 0.5179093 0.5888085 0.4902886 0.2939984 0.3155114 0.3469457 0.3005736 0.2820311 0.2429800 0.3049956 0.3055764 0.3661389 0.5487180 0.2420213 0.3821143 0.3691692 0.2790201 0.3201453 0.2625675 0.2922606 0.2387610 0.3880877 0.2908380 0.1687702 0.2987766 0.1976082 0.3093134 0.1980832 0.2051109 0.2260959 0.2210676 0.1730328 0.2118302 0.3016138 0.2485046 0.3519611 0.3636686 0.2782458 0.1456603 0.3899414 
Hyracotherium               0.4338261 0.4092184 0.3691692 0.3964453 0.4014615 0.4273188 0.3426849 0.3548195 0.8645636 0.8296896 0.8133771 0.7139155 0.8000778 0.9212773 0.7339867 0.3350190 0.3199860 0.2888678 0.2961309 0.3136734 0.3058797 0.3199234 0.3455417 0.3454534 0.1678514 0.1914055 0.2047862 0.4384109 0.1846989 0.0000000 0.4128673 0.4803524 0.5806585 0.5131338 0.2961309 0.3009448 0.3303461 0.3094662 0.3040816 0.2274799 0.2653781 0.2859321 0.3631900 0.4461389 0.1940046 0.3315393 0.3186283 0.2524065 0.2764812 0.2462039 0.2793840 0.2304654 0.3567783 0.2853298 0.1948026 0.2380237 0.1726800 0.2674995 0.1911451 0.3193870 0.2094287 0.2972291 0.2208787 0.2442077 0.2688427 0.3315019 0.3466399 0.3162414 0.3361164 0.2369991 0.3357691 
Artiocetus_clavis           0.5960542 0.5283819 0.4866909 0.5418797 0.5043628 0.4900879 0.5271021 0.4559159 0.5605572 0.4425919 0.4619974 0.4534106 0.5309000 0.6087695 0.4556538 0.4692140 0.4341807 0.4171519 0.4387091 0.4945978 0.4322497 0.4797738 0.4213250 0.4390216 0.4135401 0.4473343 0.5539668 0.4890096 0.4256880 0.4128673 0.0000000 0.1011340 0.2162593 0.2577164 0.3218009 0.3488287 0.2674231 0.2691366 0.2342757 0.3105627 0.3105627 0.4981975 0.2350628 0.1172499 0.3538889 0.4663465 0.4384109 0.4192530 0.4364826 0.4429982 0.4303697 0.4374419 0.5375749 0.4019693 0.4135001 0.4048163 0.6243639 0.4814071 0.4334400 0.5517138 0.3867121 0.5283819 0.5128320 0.5660751 0.4421902 0.3350190 0.2468882 0.4785716 0.6017789 0.3353353 0.4777883 
Rodhocetus_balochistanensis 0.5499488 0.4590258 0.5662846 0.5553991 0.5678760 0.5449387 0.5570455 0.3969495 0.6654231 0.8657442 1.2717136 0.6931111 0.9289514 0.8657442 0.8748518 0.3069380 0.2426642 0.1888924 0.1825446 0.2584624 0.3020047 0.3469457 0.4713616 0.4410494 0.6393793 0.5139114 0.8165970 0.7635756 0.5179093 0.4803524 0.1011340 0.0000000 0.2286974 0.3589858 0.3227674 0.3931636 0.5158660 0.3627651 0.0000010 0.2286974 9.0000000 0.1859530 0.1730328 0.1859530 0.3129036 0.4113815 0.3676936 0.1589819 0.1750596 0.3498782 0.2378216 0.3337313 0.3653298 0.2972291 9.0000000 0.2584624 9.0000000 0.2252419 0.5502978 0.3303461 9.0000000 9.0000000 9.0000000 9.0000000 0.3303461 9.0000000 0.3528615 0.3412276 9.0000000 0.5864411 0.2436566 
Dorudon_atrox               0.7372576 0.7237803 0.6575959 0.6904876 0.7185196 0.6894766 0.7165833 0.6186688 0.4316832 0.4037569 0.4197356 0.4040136 0.4338983 0.4482952 0.3429229 0.6685555 0.5925905 0.6369789 0.6131686 0.6559343 0.6477081 0.7045733 0.6421680 0.5483293 0.6027732 0.6276512 0.6443249 0.5116749 0.5888085 0.5806585 0.2162593 0.2286974 0.0000000 0.1146845 0.4256880 0.4256880 0.4769399 0.4236176 0.3244548 0.4396940 0.3877488 0.6888988 0.3939149 0.2434470 0.5367520 0.6477081 0.6487986 0.5577158 0.6224806 0.5734139 0.7472884 0.6191534 0.6231713 0.6026319 0.5553991 0.5165806 0.7635756 0.6242775 0.5682855 1.2594334 0.4437207 0.7086106 0.9040945 0.6725762 0.5380374 0.4393495 0.4788572 0.7120128 0.7990420 0.5303451 0.6219412 
Basilosaurus                0.7249288 0.6687045 0.6551331 0.7277135 0.7283866 0.6366542 0.6935500 0.5725258 0.3957894 0.3977382 0.4130424 0.4175579 0.3921438 0.4362367 0.3337313 0.5545797 0.4737783 0.5981219 0.5902867 0.6563945 0.5941248 0.6816703 0.6120806 0.4882418 0.5776227 0.6366108 0.6227923 0.4572500 0.4902886 0.5131338 0.2577164 0.3589858 0.1146845 0.0000000 0.3443226 0.4342792 0.3867121 0.3966023 0.3657609 0.3816819 0.3666890 0.5318921 0.3281924 0.3627651 0.4288506 0.5678760 0.5903068 0.5018360 0.5828148 0.4390675 0.6448920 0.4990428 0.5485410 0.5227674 0.4090208 0.3475057 0.7635756 0.5225476 0.5595804 1.1249389 0.3978147 0.5776227 0.7635756 0.5449387 0.4395541 0.3303461 0.5102459 0.7002540 0.6106051 0.4435140 0.5083150 
Sinonyx_jiashanensis        0.5158660 0.5162532 0.4110421 0.4830217 0.4939432 0.4747669 0.4302921 0.4579691 0.8806509 0.7824443 0.8933711 0.7379326 0.8227332 0.9356522 0.7120128 0.3982922 0.4213250 0.3727375 0.3836749 0.4302921 0.4287461 0.4211467 0.4359853 0.4301804 0.3340737 0.3493093 0.4300058 0.4191198 0.2939984 0.2961309 0.3218009 0.3227674 0.4256880 0.3443226 0.0000000 0.1288174 0.1665271 0.1102016 0.1588817 0.1605334 0.2098597 0.3346886 0.2856010 0.2529709 0.2784634 0.4062377 0.4069930 0.3182788 0.3649267 0.3167021 0.3574084 0.3229682 0.3598455 0.3689065 0.3073031 0.4303697 0.5073384 0.3084652 0.2764812 0.4256880 0.3607201 0.3926804 0.4525721 0.2850040 0.3225262 0.1964353 0.1252352 0.4062847 0.5678760 0.2286974 0.4276059 
Mesonyx_obtusidens          0.5051905 0.5027949 0.4713616 0.5088359 0.4685169 0.4860536 0.4076427 0.4826903 0.8539167 0.7518658 0.9078649 0.7635756 0.9170693 0.8636959 0.7327460 0.3922285 0.3522838 0.4225463 0.4057270 0.4403083 0.4403083 0.4321169 0.4570495 0.4671044 0.3560463 0.3360275 0.4427906 0.4600013 0.3155114 0.3009448 0.3488287 0.3931636 0.4256880 0.4342792 0.1288174 0.0000000 0.1361167 0.1472190 0.1273023 0.1235558 0.1626768 0.3330000 0.2852097 0.1961281 0.2953416 0.3993537 0.4442589 0.3169028 0.3284765 0.3581081 0.3599725 0.3468747 0.3771895 0.4106557 0.2592863 0.3390299 0.4388635 0.3455417 0.2605194 0.4981975 0.3652124 0.3337313 0.5449387 0.2794348 0.3021813 0.1631205 0.1514220 0.3895744 0.5449387 0.2111576 0.3775050 
Dissacus_praenuntius        0.5234189 0.5009625 0.4673634 0.4539393 0.5123461 0.4963518 0.4764283 0.4395196 0.7927048 0.8966007 0.8243313 0.7439669 0.8604588 0.8498595 0.6433676 0.4350383 0.3830012 0.4165178 0.3955083 0.4716600 0.3798889 0.4470567 0.3875477 0.4208711 0.3199658 0.3303461 0.4325751 0.5193238 0.3469457 0.3303461 0.2674231 0.5158660 0.4769399 0.3867121 0.1665271 0.1361167 0.0000000 0.1198733 0.1169230 0.1364069 0.2302560 0.3273035 0.2722613 0.2786410 0.2383811 0.3880043 0.4008106 0.3205443 0.3605507 0.3180925 0.3585614 0.3428949 0.3354504 0.3840127 0.2808351 0.3202528 0.4649109 0.3619917 0.2633644 0.4256880 0.3526000 0.3237800 0.5019316 0.2845706 0.2952138 0.1782724 0.1567102 0.3990191 0.4721808 0.2335850 0.3750057 
Dissacus_sp.                0.5644529 0.5288758 0.4835344 0.5064529 0.4510965 0.4835344 0.4325327 0.4596074 0.8608458 0.8321074 0.8872589 0.7871992 0.9377608 1.0000491 0.9237306 0.4372738 0.4452393 0.4143279 0.3953816 0.4377033 0.4053618 0.4427476 0.4306190 0.4122874 0.4010650 0.3354686 0.4465827 0.4482119 0.3005736 0.3094662 0.2691366 0.3627651 0.4236176 0.3966023 0.1102016 0.1472190 0.1198733 0.0000000 0.1229218 0.1558355 0.1829391 0.3213854 0.2113356 0.2397351 0.2696784 0.4355793 0.4067478 0.3271725 0.3567783 0.3418384 0.4011764 0.3261483 0.3485890 0.3621296 0.2880277 0.3705120 0.4580545 0.3140082 0.2524833 0.3815276 0.3108534 0.3569205 0.3088302 0.2944652 0.3226764 0.2162593 0.1497379 0.4194691 0.4852372 0.2196276 0.4113021 
Harpagolestes_orientalis    0.4692929 0.3999459 0.4321731 0.4700974 0.3803694 0.4126414 0.3803694 0.3422851 0.8657442 0.7298631 0.7745167 0.7521859 0.7403183 0.9888176 0.6071931 0.3719059 0.4524104 0.3847220 0.3344019 0.3878808 0.3766543 0.4327954 0.2909869 0.2646517 0.2994783 0.3388351 0.3860706 0.4717991 0.2820311 0.3040816 0.2342757 0.0000010 0.3244548 0.3657609 0.1588817 0.1273023 0.1169230 0.1229218 0.0000000 0.0878004 0.1845174 0.4161641 0.2584624 0.2202514 0.2263299 0.3344019 0.2788535 0.2721016 0.3638167 0.3605507 0.3778607 0.2823919 0.3359291 0.3014414 0.2229961 0.2572214 0.4981975 0.3118068 0.2661696 0.6414060 0.2798473 0.3661389 0.5449387 0.3605507 0.2307399 0.2018265 0.1354324 0.3366065 0.6017789 0.1611811 0.4204633 
Harpagolestes_uintensis     0.4954638 0.4212197 0.4190213 0.4627827 0.4594308 0.4324085 0.3790092 0.3271725 0.8049064 0.7220158 0.7845557 0.6616850 0.6502187 0.7777403 0.6146658 0.3549890 0.3792625 0.3414620 0.3030095 0.3642567 0.3597775 0.3895976 0.3446353 0.3258723 0.3100828 0.3000023 0.3802973 0.4453256 0.2429800 0.2274799 0.3105627 0.2286974 0.4396940 0.3816819 0.1605334 0.1235558 0.1364069 0.1558355 0.0878004 0.0000000 0.1848027 0.3637225 0.2859321 0.1969906 0.2286974 0.3209837 0.3382094 0.2454413 0.3168379 0.2552034 0.2902556 0.2453092 0.2806540 0.3131578 0.2172719 0.2430885 0.3284178 0.3086448 0.2299280 0.5283819 0.2286974 0.3074962 0.3055764 0.2454413 0.1736567 0.1946066 0.1216732 0.3337313 0.4635733 0.1309880 0.3840127 
Hapalodectes_hetangensis    0.5073384 0.4590258 0.4192530 0.5083809 0.4721808 0.4388635 0.3956160 0.4005289 0.8644739 0.7710945 0.7784128 0.7558476 0.7559420 0.8670470 0.6660131 0.4323282 0.3908701 0.4279312 0.3656792 0.4991905 0.3880043 0.4679857 0.3897264 0.3949018 0.4184100 0.4146940 0.4171519 0.4354063 0.3049956 0.2653781 0.3105627 9.0000000 0.3877488 0.3666890 0.2098597 0.1626768 0.2302560 0.1829391 0.1845174 0.1848027 0.0000000 0.2454413 0.2456663 0.2286974 0.2271599 0.3249365 0.3532686 0.3029174 0.3816526 0.3031046 0.3392548 0.2835468 0.3516122 0.3498782 0.2487442 0.3267017 0.5068731 0.3213854 0.2629879 0.4189403 0.2796572 0.4590258 0.3775050 0.2693558 0.3088302 0.1839328 0.1452945 0.3185069 0.4256880 0.2226696 0.4033795 
Helohyus_plicodon           0.3642567 0.3983632 0.3486646 0.3560771 0.3779708 0.3425824 0.3225262 0.3955461 0.9110179 0.8625059 0.8782601 0.7990420 0.9202858 0.7445634 0.9155102 0.3013444 0.2850040 0.3755476 0.2972291 0.3898752 0.3195718 0.3190264 0.3811482 0.3368842 0.3513998 0.3511505 0.4195037 0.6056837 0.3055764 0.2859321 0.4981975 0.1859530 0.6888988 0.5318921 0.3346886 0.3330000 0.3273035 0.3213854 0.4161641 0.3637225 0.2454413 0.0000000 0.2996622 0.4156477 0.1404495 0.3050295 0.3295956 0.2696023 0.2912649 0.2058425 0.1493009 0.2864763 0.2671657 0.3033045 0.1354324 0.2857873 0.2687634 0.2714027 0.2950138 0.2051109 0.2173336 0.2101092 0.1354324 0.1512257 0.1389693 0.0711332 0.3498782 0.2602469 0.1424648 0.1969906 0.2823919 
Pakicetidae                 0.5281031 0.5436043 0.4795370 0.5422057 0.5198576 0.5078563 0.5006449 0.4663465 0.7346710 0.6767921 0.7635756 0.7226509 0.7560341 0.7950259 0.6597733 0.3719059 0.3794312 0.4823441 0.4504730 0.5268875 0.4338983 0.5242194 0.4374668 0.4582442 0.4850526 0.4316192 0.5409557 0.6029066 0.3661389 0.3631900 0.2350628 0.1730328 0.3939149 0.3281924 0.2856010 0.2852097 0.2722613 0.2113356 0.2584624 0.2859321 0.2456663 0.2996622 0.0000000 0.1259375 0.2997304 0.4315566 0.4163561 0.3203431 0.3506282 0.3175744 0.3185069 0.3925397 0.4081435 0.3732311 0.2972291 0.3303461 0.4981975 0.3416446 0.3934899 0.4898222 0.3235194 0.3403422 0.2679864 0.3231379 0.2759875 0.1769439 0.2749263 0.4568667 0.2633644 0.2101092 0.4161641 
Ambulocetus_natans          0.6390615 0.5313144 0.4508662 0.5618312 0.5626072 0.5514280 0.5806585 0.5352985 0.6841505 0.4663465 0.6605640 0.6075660 0.6815422 0.5806585 0.7150182 0.4351578 0.3941527 0.4707440 0.3689065 0.4404377 0.3925397 0.5618312 0.5678760 0.4108067 0.4494144 0.4445746 0.5846550 0.4898222 0.5487180 0.4461389 0.1172499 0.1859530 0.2434470 0.3627651 0.2529709 0.1961281 0.2786410 0.2397351 0.2202514 0.1969906 0.2286974 0.4156477 0.1259375 0.0000000 0.5283819 0.5383337 0.4963518 0.4445746 0.3983632 0.3787272 0.3648337 0.4777883 0.4652602 0.5536269 0.5593069 0.5283819 1.2219476 0.4396940 0.6045322 0.6806343 0.6486397 0.7962595 0.8078338 0.6146658 0.3469457 0.3498782 0.2197740 0.5678760 0.5032634 0.4338983 0.4473343 
Gobiohyus_orientalis        0.3556188 0.3286005 0.3049956 0.2753938 0.3209574 0.3274007 0.2706727 0.3139725 0.7635756 0.7906050 0.7384481 0.7250083 0.7771260 0.7635756 0.6407379 0.3564920 0.2864763 0.3303461 0.2988039 0.3528615 0.3071172 0.3088302 0.2552034 0.3084150 0.3081225 0.2564970 0.2911977 0.5672706 0.2420213 0.1940046 0.3538889 0.3129036 0.5367520 0.4288506 0.2784634 0.2953416 0.2383811 0.2696784 0.2263299 0.2286974 0.2271599 0.1404495 0.2997304 0.5283819 0.0000000 0.2242110 0.2792644 0.1976585 0.2297992 0.2061735 0.2356978 0.1840438 0.3003405 0.2435753 0.1209505 0.2426642 0.2733040 0.2207949 0.2249991 0.2259606 0.1466880 0.2373231 0.2016471 0.2210676 0.1934269 0.2448009 0.3820480 0.1859530 0.2315016 0.1363579 0.2747390 
Leptomeryx                  0.2259025 0.2241627 0.1973281 0.2030689 0.2768323 0.2286974 0.1902155 0.1961022 0.9048263 0.9130807 0.9202858 0.8483945 1.0146628 0.9563499 0.8315338 0.4122764 0.3826677 0.3670374 0.3503923 0.3796993 0.3559957 0.3483699 0.2542007 0.2436566 0.3243781 0.3571401 0.3251647 0.5693307 0.3821143 0.3315393 0.4663465 0.4113815 0.6477081 0.5678760 0.4062377 0.3993537 0.3880043 0.4355793 0.3344019 0.3209837 0.3249365 0.3050295 0.4315566 0.5383337 0.2242110 0.0000000 0.2073742 0.2706727 0.2699705 0.3428573 0.2830645 0.3068335 0.4036117 0.2783604 0.2529709 0.2265693 0.3719059 0.2205321 0.3955461 0.3869213 0.2956433 0.1730328 0.3766543 0.3728651 0.3079589 0.3516620 0.4150722 0.2346998 0.3317698 0.3131837 0.3435274 
Poebrotherium               0.2794137 0.2995168 0.2604198 0.2624072 0.3123719 0.2426642 0.2281205 0.2223035 1.0583621 0.9936543 1.1115819 1.0160336 1.0191089 1.2169123 0.9270845 0.4049830 0.3814600 0.3384185 0.3464347 0.3676936 0.3484398 0.3503604 0.2176901 0.1788968 0.3563840 0.3837504 0.3353353 0.5681529 0.3691692 0.3186283 0.4384109 0.3676936 0.6487986 0.5903068 0.4069930 0.4442589 0.4008106 0.4067478 0.2788535 0.3382094 0.3532686 0.3295956 0.4163561 0.4963518 0.2792644 0.2073742 0.0000000 0.2713519 0.3033045 0.3331515 0.2725360 0.2635943 0.3861089 0.2300208 0.2198983 0.2443228 0.2972291 0.2137782 0.3744574 0.4032248 0.2341979 0.2186369 0.2864763 0.3353353 0.3239123 0.3482076 0.4060793 0.2576020 0.2860266 0.3159099 0.2310433 
Agriochoerus                0.3818806 0.3273284 0.3216052 0.3420458 0.3615538 0.3211695 0.3180116 0.2805366 0.8617281 0.8478893 0.8779554 0.7584050 0.8492502 0.8690321 0.8351267 0.3252901 0.2988039 0.2940464 0.2641997 0.3252978 0.2726774 0.3191085 0.2771973 0.2627414 0.3041833 0.3489104 0.3708897 0.4993290 0.2790201 0.2524065 0.4192530 0.1589819 0.5577158 0.5018360 0.3182788 0.3169028 0.3205443 0.3271725 0.2721016 0.2454413 0.3029174 0.2696023 0.3203431 0.4445746 0.1976585 0.2706727 0.2713519 0.0000000 0.1427383 0.3009970 0.2468359 0.2224716 0.3019625 0.2078265 0.2001983 0.1974248 0.2486087 0.2007682 0.2820080 0.3256589 0.2011618 0.1499761 0.2162593 0.2303035 0.2135798 0.2491902 0.3340737 0.2776769 0.3333214 0.2669961 0.2607269 
Merycoidodon_sp.            0.3416114 0.2926038 0.3065984 0.3019625 0.3073177 0.3173977 0.3143335 0.3017242 0.8140035 0.8202012 0.8847957 0.7390400 0.8828263 0.9142857 0.8326907 0.3793154 0.3443226 0.3215981 0.3094662 0.3331338 0.3200616 0.3582626 0.2733611 0.2930770 0.2885635 0.3112613 0.3309140 0.5194362 0.3201453 0.2764812 0.4364826 0.1750596 0.6224806 0.5828148 0.3649267 0.3284765 0.3605507 0.3567783 0.3638167 0.3168379 0.3816526 0.2912649 0.3506282 0.3983632 0.2297992 0.2699705 0.3033045 0.1427383 0.0000000 0.3391907 0.2797958 0.2781686 0.3190644 0.2358935 0.2364735 0.2484611 0.3169409 0.2408251 0.2878341 0.4212197 0.2768199 0.1567102 0.2247196 0.2708649 0.2701997 0.2514449 0.3559957 0.2512382 0.3203431 0.3080284 0.2646517 
Diacodexis_pakistanensis    0.4687083 0.3813513 0.3563840 0.4180497 0.4241879 0.3790966 0.3314667 0.3971708 0.9095790 0.8530536 0.9584514 0.8265779 0.8881854 0.9645440 0.7203026 0.4109253 0.3922046 0.3545413 0.3480431 0.3791210 0.3589858 0.3468305 0.3550841 0.3474595 0.3435704 0.4152432 0.4056240 0.4289916 0.2625675 0.2462039 0.4429982 0.3498782 0.5734139 0.4390675 0.3167021 0.3581081 0.3180925 0.3418384 0.3605507 0.2552034 0.3031046 0.2058425 0.3175744 0.3787272 0.2061735 0.3428573 0.3331515 0.3009970 0.3391907 0.0000000 0.1584896 0.2550915 0.3528053 0.2689304 0.2577771 0.2757687 0.3241132 0.2497364 0.2435395 0.1967616 0.2557968 0.3394917 0.2051109 0.2322612 0.2330766 0.3350190 0.3361164 0.3213854 0.2202514 0.2120420 0.2997659 
Diacodexis_sp.              0.3698792 0.3566995 0.2783128 0.3261709 0.3356975 0.3261709 0.2433105 0.3003405 1.2856221 0.9701057 1.1612913 1.0963973 1.4748171 1.3000376 1.1487770 0.2988039 0.2956710 0.3005736 0.3162414 0.3367147 0.3073031 0.3020914 0.3086188 0.3335545 0.3149813 0.3656236 0.3575750 0.5353784 0.2922606 0.2793840 0.4303697 0.2378216 0.7472884 0.6448920 0.3574084 0.3599725 0.3585614 0.4011764 0.3778607 0.2902556 0.3392548 0.1493009 0.3185069 0.3648337 0.2356978 0.2830645 0.2725360 0.2468359 0.2797958 0.1584896 0.0000000 0.1893753 0.2764812 0.2272447 0.1821737 0.2067502 0.1782724 0.1999589 0.3076968 0.1898931 0.2090286 0.3112613 0.1084561 0.1406390 0.1776610 0.2124102 0.2928316 0.2356515 0.2063621 0.1890223 0.2486717 
Perchoerus                  0.3996442 0.4040979 0.3145976 0.3558391 0.3556188 0.3464617 0.3071538 0.3074962 0.9199078 0.8990081 0.9625352 0.7993806 0.8471779 1.0261431 0.8227332 0.2624383 0.2741180 0.2321220 0.2236931 0.2337876 0.2719648 0.2178040 0.3190727 0.3208301 0.3520334 0.3350190 0.3320938 0.5038988 0.2387610 0.2304654 0.4374419 0.3337313 0.6191534 0.4990428 0.3229682 0.3468747 0.3428949 0.3261483 0.2823919 0.2453092 0.2835468 0.2864763 0.3925397 0.4777883 0.1840438 0.3068335 0.2635943 0.2224716 0.2781686 0.2550915 0.1893753 0.0000000 0.2300550 0.1685386 0.1354324 0.2110445 0.1437984 0.2294013 0.2589513 0.2509209 0.1785455 0.2260959 0.1700795 0.2622590 0.2117548 0.1843880 0.3195718 0.2848499 0.2142043 0.2250838 0.2470131 
Archaeotherium              0.4641659 0.4480607 0.3975198 0.4461389 0.4619528 0.4428834 0.4206413 0.4150722 0.8922799 0.8526951 0.8711008 0.8193208 0.9011421 0.9107278 0.9036897 0.3213854 0.3326843 0.3120802 0.3096940 0.3005121 0.3444115 0.3306561 0.3971342 0.3796993 0.4303306 0.4076107 0.4185958 0.6686865 0.3880877 0.3567783 0.5375749 0.3653298 0.6231713 0.5485410 0.3598455 0.3771895 0.3354504 0.3485890 0.3359291 0.2806540 0.3516122 0.2671657 0.4081435 0.4652602 0.3003405 0.4036117 0.3861089 0.3019625 0.3190644 0.3528053 0.2764812 0.2300550 0.0000000 0.2433722 0.2528696 0.2537410 0.2625675 0.3306412 0.3689471 0.3181507 0.3016868 0.4417142 0.1644662 0.1372061 0.2439272 0.1736071 0.4008106 0.3442100 0.2229961 0.2775372 0.3282886 
Elomeryx                    0.3750846 0.3324065 0.2890069 0.2906588 0.3320455 0.2764812 0.3152325 0.3152804 0.8623411 0.8431695 0.8857452 0.8237110 0.8326907 0.9074196 0.8340401 0.2909239 0.3137071 0.2819216 0.3057535 0.3139389 0.3050295 0.2771478 0.3203830 0.2882738 0.3477496 0.3454194 0.3160505 0.4894243 0.2908380 0.2853298 0.4019693 0.2972291 0.6026319 0.5227674 0.3689065 0.4106557 0.3840127 0.3621296 0.3014414 0.3131578 0.3498782 0.3033045 0.3732311 0.5536269 0.2435753 0.2783604 0.2300208 0.2078265 0.2358935 0.2689304 0.2272447 0.1685386 0.2433722 0.0000000 0.1132964 0.1619513 0.1940046 0.2057167 0.2665508 0.3364008 0.1841893 0.1534937 0.1982989 0.2350628 0.2111311 0.1644662 0.4003237 0.2424495 0.2202514 0.2262755 0.1349093 
