163
Manawastaceyi                            0.0000000 0.1859530 0.8857452 1.0033107 0.4501996 0.4713616 0.8151384 0.8151384 0.9289514 1.1552453 0.8748518 1.0033107 0.9450118 0.9289514 0.8748518 0.9289514 0.9289514 0.7635756 0.8151384 0.8151384 1.0289537 0.9450118 1.0289537 0.9289514 1.0033107 0.8748518 1.0033107 0.9289514 0.8748518 0.7109265 0.8151384 0.9289514 1.0033107 1.0608047 1.4106829 1.0608047 0.8748518 1.0608047 1.0033107 1.0608047 1.2175149 1.1552453 1.0924541 0.6654231 0.8748518 0.8748518 0.9289514 0.7635756 0.7635756 0.8748518 0.7635756 0.8748518 0.8197767 0.8748518 0.8197767 0.8748518 0.7109265 0.7109265 0.7635756 0.7109265 0.9450118 0.7635756 0.7635756 0.6256469 0.7109265 0.6654231 0.9450118 0.9289514 0.9289514 0.8748518 0.8748518 0.9289514 0.9289514 0.8748518 0.9289514 0.8151384 0.9450118 0.7150182 0.8151384 0.7635756 0.8748518 0.8748518 0.6654231 0.6146658 0.6654231 0.9289514 1.0033107 0.7635756 0.8748518 0.7150182 0.7150182 0.8748518 1.0033107 0.8857452 0.8748518 0.7635756 1.0033107 0.7635756 0.8748518 0.8748518 0.8748518 0.7635756 0.8748518 0.8748518 0.8748518 0.7150182 0.8151384 0.7109265 0.8748518 0.8748518 0.9289514 0.8748518 0.8748518 0.8151384 0.8748518 0.9450118 0.8253323 0.8197767 0.8197767 1.0033107 0.8857452 0.8748518 0.8748518 0.9450118 0.9289514 0.7635756 0.8748518 0.8748518 0.8748518 0.9450118 1.1552453 0.9289514 1.0033107 0.9289514 0.9450118 1.0033107 0.9450118 1.1014632 0.9289514 0.6654231 0.7635756 0.8197767 0.8151384 0.8151384 0.8151384 1.0033107 0.8748518 0.8857452 0.7635756 0.8151384 0.6654231 0.7635756 0.8748518 0.8748518 0.8857452 0.8748518 0.9289514 0.6654231 0.8748518 0.8151384 1.0033107 0.9450118 0.8197767 
Nymphatelinagravida                      0.1859530 0.0000000 0.4777883 0.4981975 0.5158660 0.5158660 0.8657442 9.0000000 2.1374578 1.4804100 1.4804100 2.1374578 2.1374578 2.1374578 9.0000000 2.1374578 2.1374578 1.1176449 9.0000000 1.4804100 1.9188209 2.1374578 1.9188209 2.1374578 2.1374578 9.0000000 2.1374578 2.1374578 2.1374578 1.4804100 1.1176449 1.1176449 1.1176449 1.1176449 1.4804100 1.1176449 0.8657442 1.1176449 1.1176449 1.3411983 1.1176449 1.1176449 1.1176449 1.1176449 1.1176449 0.8657442 0.8657442 0.8657442 1.1176449 0.8657442 0.8657442 0.8657442 0.8657442 1.1176449 0.8657442 1.1176449 1.1176449 1.1176449 0.8657442 0.8657442 0.8657442 1.1176449 0.8657442 0.6725762 0.7635756 0.6725762 0.8657442 0.8657442 0.8657442 0.8657442 0.8657442 0.8657442 0.8657442 0.8657442 0.8657442 0.8657442 0.8657442 0.8657442 0.8657442 0.8657442 0.8657442 0.8657442 1.1176449 1.1176449 1.1176449 0.8657442 0.8657442 0.8657442 0.8657442 0.8657442 0.8657442 0.8657442 0.8657442 0.8657442 0.8657442 1.1176449 1.1176449 0.8657442 0.8657442 0.8657442 0.8657442 0.8657442 0.8657442 0.8657442 0.8657442 0.8657442 0.8657442 0.8657442 1.1176449 1.1176449 1.1176449 1.1176449 0.8657442 0.8657442 0.8657442 0.8657442 0.8657442 0.8657442 0.8657442 0.8657442 1.0033107 0.8657442 0.8657442 0.8657442 0.8657442 0.8657442 0.8657442 0.8657442 1.1176449 0.8657442 0.8657442 0.8657442 1.1176449 0.8657442 0.8657442 1.1176449 0.8657442 1.2019865 0.8657442 0.8657442 0.8657442 1.1176449 0.8657442 0.8657442 1.1176449 1.1176449 1.1176449 0.8657442 1.1176449 1.1176449 1.1176449 0.8657442 0.8657442 0.8657442 0.8657442 1.1176449 1.4804100 1.1176449 0.8657442 0.8657442 1.3411983 1.1176449 1.3411983 
Colymbosathonecplecticos                 0.8857452 0.4777883 0.0000000 0.1192507 0.2972291 0.2972291 0.5776227 0.5158660 0.3840127 0.2701997 0.2701997 0.3840127 0.3840127 0.3840127 0.5158660 0.3840127 0.3840127 0.1700795 0.5158660 0.2701997 0.4256880 0.4256880 0.4256880 0.3840127 0.4256880 0.5158660 0.3840127 0.3840127 0.8657442 0.3840127 0.2701997 0.2701997 0.2701997 0.2701997 0.3840127 0.3840127 0.2701997 0.2701997 0.2701997 0.2972291 0.2701997 0.2701997 0.2701997 0.2972291 0.3840127 0.1859530 0.2701997 0.1859530 0.3840127 0.2701997 0.2701997 0.2701997 0.2701997 0.3840127 0.1859530 0.3840127 0.2972291 0.3840127 0.2701997 0.1859530 0.2701997 0.2972291 0.2701997 0.4256880 0.3303461 0.4256880 0.2701997 0.2701997 0.1859530 0.2701997 0.1859530 0.2701997 0.2701997 0.2701997 0.2701997 0.1859530 0.1859530 0.2701997 0.2701997 0.2701997 0.2701997 0.2701997 0.3840127 0.3840127 0.5158660 0.2701997 0.2701997 0.2701997 0.2701997 0.2701997 0.3840127 0.3840127 0.1859530 0.2701997 0.1859530 0.3840127 0.5158660 0.2701997 0.2701997 0.2701997 0.1859530 0.2701997 0.2701997 0.2701997 0.2701997 0.1700795 0.2701997 0.2701997 0.3840127 0.3840127 0.5158660 0.5158660 0.1859530 0.2701997 0.2701997 0.1859530 0.1859530 0.1859530 0.1859530 0.1859530 0.1859530 0.1859530 0.1700795 0.1700795 0.2701997 0.1700795 0.1700795 0.1859530 0.3840127 0.1859530 0.2701997 0.2701997 0.3840127 0.1700795 0.2701997 0.3840127 0.1859530 0.3303461 0.1859530 0.2701997 0.2701997 0.3840127 0.2701997 0.2701997 0.3840127 0.3840127 0.3840127 0.2701997 0.3840127 0.3840127 0.3840127 0.2701997 0.1700795 0.2701997 0.2701997 0.3840127 0.5158660 0.2972291 0.1859530 0.2701997 0.5158660 0.2972291 0.3840127 
Triadocyprisspitzbergensis               1.0033107 0.4981975 0.1192507 0.0000000 0.2972291 0.3840127 0.5158660 0.4663465 0.3498782 0.2477096 0.2477096 0.3498782 0.3498782 0.3498782 0.4663465 0.2477096 0.2477096 0.0746768 0.4663465 0.2477096 0.4777883 0.3840127 0.4777883 0.3498782 0.3498782 0.4663465 0.3498782 0.4663465 0.4663465 0.3840127 0.2477096 0.2477096 0.2477096 0.2477096 0.3498782 0.3498782 0.2477096 0.2477096 0.2477096 0.3303461 0.2477096 0.2477096 0.2477096 0.6017789 0.6017789 0.3498782 0.4663465 0.4663465 0.4663465 0.4663465 0.4663465 0.3498782 0.2972291 0.4663465 0.4663465 0.6017789 0.4663465 0.4663465 0.4663465 0.4663465 0.3498782 0.5158660 0.4663465 0.5158660 0.4256880 0.5158660 0.4663465 0.4663465 0.4663465 0.4663465 0.4663465 0.4663465 0.4663465 0.4663465 0.4663465 0.4663465 0.4663465 0.4663465 0.4663465 0.3498782 0.4663465 0.4663465 0.4663465 0.6017789 0.2477096 0.4663465 0.4663465 0.3498782 0.3498782 0.2477096 0.2477096 0.3498782 0.4663465 0.4663465 0.4663465 0.4663465 0.3498782 0.4663465 0.4663465 0.4663465 0.4663465 0.3498782 0.4663465 0.4663465 0.4663465 0.3498782 0.4663465 0.4663465 0.4663465 0.6017789 0.3498782 0.3498782 0.4663465 0.3498782 0.4663465 0.4663465 0.4663465 0.4663465 0.4663465 0.4663465 0.4663465 0.4663465 0.4663465 0.4663465 0.4663465 0.4663465 0.4663465 0.4663465 0.6017789 0.4663465 0.3498782 0.4663465 0.4663465 0.4663465 0.3498782 0.4663465 0.3498782 0.4256880 0.4663465 0.4663465 0.4663465 0.6017789 0.4663465 0.4663465 0.6017789 0.4663465 0.4663465 0.4663465 0.4663465 0.4663465 0.6017789 0.3498782 0.4663465 0.4663465 0.4663465 0.4663465 0.7635756 0.4663465 0.4663465 0.4663465 0.4663465 0.4663465 0.4663465 
Vargulahilgendorfii                      0.4501996 0.5158660 0.2972291 0.2972291 0.0000000 0.1532690 0.2830645 0.4501996 0.4368739 0.4256880 0.3330000 0.3648337 0.3547232 0.3815276 0.4256880 0.3815276 0.3916697 0.3213854 0.4375930 0.3685881 0.3378876 0.3237800 0.3806320 0.4023765 0.3498782 0.4929288 0.5735675 0.4486780 0.4663465 0.3398278 0.3116387 0.3330000 0.2747390 0.3116387 0.4713616 0.3815276 0.2584624 0.3412276 0.2818441 0.2584624 0.4256880 0.3361164 0.3589858 0.4136974 0.4743637 0.3451657 0.4590258 0.2726774 0.4023765 0.4023765 0.3787272 0.3361164 0.3398278 0.4743637 0.4008106 0.5128320 0.3547232 0.4501996 0.4375930 0.3648337 0.3787272 0.3498782 0.3361164 0.4136974 0.3605507 0.3869213 0.3755476 0.4883742 0.5704076 0.4519369 0.4663465 0.4743637 0.5283819 0.4519369 0.4883742 0.5888085 0.5360418 0.4501996 0.5449387 0.4384109 0.3648337 0.4384109 0.3787272 0.3398278 0.3129036 0.4981975 0.5128320 0.3755476 0.4128673 0.3787272 0.3787272 0.4256880 0.5263851 0.4256880 0.4256880 0.4128673 0.5360418 0.3869213 0.4384109 0.4519369 0.3869213 0.3398278 0.4883742 0.3755476 0.4128673 0.5449387 0.4375930 0.4256880 0.4519369 0.4777883 0.6401980 0.5032634 0.3755476 0.4611544 0.4519369 0.4929288 0.4663465 0.5360418 0.6084904 0.6570478 0.5648998 0.4981975 0.5032634 0.6522994 0.5955445 0.5263851 0.6084904 0.3755476 0.4375930 0.3869213 0.4008106 0.5955445 0.5128320 0.5073384 0.4136974 0.5531625 0.3894504 0.4777883 0.5704076 0.3755476 0.4883742 0.5090909 0.4375930 0.5531625 0.4981975 0.4384109 0.4375930 0.4981975 0.4519369 0.4256880 0.4008106 0.3303461 0.5541469 0.4817315 0.3605507 0.4501996 0.5217174 0.4136974 0.4743637 0.3719059 0.5626072 0.4256880 0.4256880 
Euphilomedessordida                      0.4713616 0.5158660 0.2972291 0.3840127 0.1532690 0.0000000 0.1216732 0.4808958 0.4461389 0.5449387 0.4060793 0.4843977 0.4843977 0.4898222 0.4687083 0.5238405 0.5377132 0.4368739 0.5678760 0.4150722 0.3605507 0.4256880 0.4393495 0.4808958 0.4743637 0.6401980 0.6146658 0.4256880 0.4883742 0.4375930 0.3498782 0.3422851 0.3457865 0.3498782 0.4981975 0.4156477 0.3936328 0.4060793 0.3840127 0.2972291 0.4554531 0.4362367 0.4049830 0.4808958 0.5377132 0.4473343 0.4554531 0.2893302 0.5024967 0.4687083 0.4473343 0.4362367 0.2519007 0.5744839 0.4037569 0.5905428 0.4713616 0.5523682 0.5024967 0.4368739 0.4937530 0.3815276 0.4150722 0.3936328 0.3048628 0.4023765 0.4256880 0.3748593 0.4362367 0.4037569 0.4144266 0.4362367 0.4049830 0.4037569 0.3748593 0.4473343 0.3451657 0.4362367 0.5313144 0.5449387 0.4368739 0.4368739 0.4937530 0.4256880 0.4256880 0.4687083 0.4808958 0.4611544 0.4981975 0.5299906 0.5449387 0.4743637 0.5128320 0.3213854 0.4743637 0.5776227 0.6654231 0.4981975 0.5217174 0.4981975 0.5128320 0.4981975 0.5073384 0.4981975 0.5369642 0.5073384 0.5523682 0.5217174 0.6203671 0.6017789 0.6725762 0.6256469 0.4611544 0.4362367 0.5369642 0.3894504 0.4008106 0.4635733 0.5283819 0.5607871 0.4663465 0.5449387 0.4883742 0.5449387 0.6492413 0.4384109 0.4883742 0.4486780 0.5024967 0.4611544 0.5073384 0.5744839 0.6305505 0.4981975 0.5158660 0.6532827 0.4590258 0.5678760 0.6256469 0.5531625 0.6256469 0.4981975 0.5678760 0.6075660 0.5024967 0.5607871 0.5678760 0.5449387 0.5369642 0.5449387 0.4843977 0.4144266 0.5955445 0.5128320 0.4008106 0.5523682 0.5806585 0.5299906 0.3748593 0.3578211 0.5955445 0.4937530 0.5369642 
Rutidermaapex                            0.8151384 0.8657442 0.5776227 0.5158660 0.2830645 0.1216732 0.0000000 0.4368739 0.3748593 0.5369642 0.3661389 0.4023765 0.3685881 0.4150722 0.3627651 0.4473343 0.4590258 0.4981975 0.4713616 0.4368739 0.3162414 0.3755476 0.3556188 0.4368739 0.4256880 0.5283819 0.5032634 0.4473343 0.3547232 0.5888085 0.4256880 0.4156477 0.3627651 0.3661389 0.5238405 0.5377132 0.4486780 0.4898222 0.4713616 0.3676936 0.4777883 0.4590258 0.4256880 0.4037569 0.4590258 0.3719059 0.3862329 0.3048628 0.4256880 0.3936328 0.3719059 0.3627651 0.2456663 0.4937530 0.3589858 0.4937530 0.4256880 0.4713616 0.4256880 0.3916697 0.4037569 0.3048628 0.3719059 0.3412276 0.3547232 0.3451657 0.3361164 0.3042615 0.3627651 0.3275355 0.3361164 0.3627651 0.3330000 0.3275355 0.3042615 0.3719059 0.3589858 0.3627651 0.4571383 0.4611544 0.3589858 0.3589858 0.4037569 0.3685881 0.3412276 0.3840127 0.3936328 0.3685881 0.4023765 0.4368739 0.4843977 0.3787272 0.4136974 0.3361164 0.3787272 0.4743637 0.5531625 0.4023765 0.4256880 0.4023765 0.4136974 0.4023765 0.4144266 0.4023765 0.4375930 0.4486780 0.4590258 0.4611544 0.5128320 0.4981975 0.5678760 0.5217174 0.3685881 0.3540693 0.4375930 0.4023765 0.4136974 0.4743637 0.5369642 0.4981975 0.4929288 0.4777883 0.5369642 0.5704076 0.5843161 0.4635733 0.5369642 0.3685881 0.4256880 0.3787272 0.4256880 0.4937530 0.5299906 0.4256880 0.4368739 0.5678760 0.3815276 0.6931111 0.5607871 0.4883742 0.5607871 0.4023765 0.5073384 0.5449387 0.4150722 0.4611544 0.5449387 0.4777883 0.4743637 0.4486780 0.3916697 0.3275355 0.5283819 0.4136974 0.3894504 0.4713616 0.5024967 0.4843977 0.3330000 0.3176940 0.5369642 0.4144266 0.4883742 
Asteropteronfuscum                       0.8151384 9.0000000 0.5158660 0.4663465 0.4501996 0.4808958 0.4368739 0.0000000 0.1924889 0.2737534 0.1730328 0.2110445 0.2110445 0.1959331 0.1172499 0.1760909 0.1760909 0.2070511 0.1401898 0.1377700 0.1640794 0.1468221 0.1776610 0.1567102 0.1507860 0.1507860 0.2240113 0.1924889 0.2909869 0.2110445 0.3431123 0.3599725 0.3392548 0.3670374 0.4432325 0.5158660 0.4166300 0.3916697 0.3392548 0.2622590 0.4342792 0.3900320 0.3900320 0.4642305 0.5019316 0.4642305 0.5449387 0.4049830 0.4441050 0.5019316 0.4725168 0.4725168 0.3936328 0.5019316 0.5517138 0.5060716 0.4750121 0.4642305 0.4725168 0.4450687 0.4943543 0.3969495 0.4831821 0.6068654 0.3251647 0.5449387 0.4642305 0.4803524 0.4525721 0.4539393 0.4351578 0.4702619 0.4803524 0.4161641 0.4803524 0.4525721 0.4156477 0.4256880 0.5271021 0.4441050 0.4441050 0.4725168 0.4351578 0.4554531 0.3798889 0.5271021 0.5204871 0.3983632 0.4256880 0.3996442 0.4908982 0.5383337 0.4450687 0.4156477 0.4161641 0.3719059 0.4539393 0.3798889 0.5134884 0.4351578 0.3798889 0.3719059 0.4346971 0.3983632 0.4256880 0.4725168 0.4170524 0.4725168 0.3983632 0.4256880 0.5090909 0.4346971 0.4351578 0.5019316 0.4539393 0.3969495 0.4461389 0.4256880 0.4863208 0.5776227 0.4808958 0.4981975 0.4450687 0.5313144 0.5697237 0.4687083 0.4863208 0.3983632 0.4725168 0.4070653 0.4441050 0.4877735 0.5449387 0.5271021 0.5134884 0.5776227 0.4943543 0.4417142 0.5511654 0.4070653 0.4623240 0.4750121 0.4803524 0.5388560 0.4702619 0.4256880 0.4441050 0.5313144 0.4750121 0.4441050 0.4256880 0.4256880 0.5060716 0.4450687 0.4461389 0.4725168 0.4981975 0.4943543 0.5776227 0.5388560 0.5678760 0.4642305 0.4150722 
Asteropterygionromei                     0.9289514 2.1374578 0.3840127 0.3498782 0.4368739 0.4461389 0.3748593 0.1924889 0.0000000 0.0834029 0.0947391 0.0162872 0.0328990 0.0303985 0.0807082 0.1288736 0.0962607 0.1377700 0.2584624 0.1924889 0.1603099 0.2139332 0.2235533 0.2124102 0.1894915 0.2331697 0.2664753 0.2813891 0.3882285 0.3462629 0.2607269 0.2764812 0.2328194 0.2405647 0.3243171 0.3531785 0.3088302 0.2813891 0.2803935 0.2105368 0.2764812 0.2537410 0.2328194 0.5830164 0.6203671 0.5204871 0.5678760 0.4663465 0.5570455 0.5570455 0.5388560 0.5271021 0.4687083 0.6539286 0.5640722 0.7042620 0.5511654 0.6506210 0.5881050 0.5640722 0.5830164 0.5256080 0.5570455 0.6638552 0.4049830 0.6017789 0.6270845 0.6017789 0.6017789 0.5776227 0.5580796 0.5570455 0.5697237 0.5383337 0.5697237 0.5697237 0.5106873 0.6017789 0.6106051 0.5969712 0.5969712 0.6312226 0.5324228 0.5776227 0.5204871 0.6203671 0.6506210 0.5134884 0.5776227 0.5090909 0.5388560 0.6433676 0.5718953 0.5106873 0.6068654 0.5776227 0.7229171 0.5256080 0.6471073 0.6270845 0.4943543 0.5134884 0.5511654 0.5134884 0.5776227 0.5204871 0.5881050 0.5204871 0.6116410 0.6841505 0.7060816 0.6865978 0.5580796 0.5969712 0.6116410 0.5183760 0.5806585 0.5517138 0.5517138 0.6312226 0.5377132 0.5864411 0.4943543 0.5864411 0.6203671 0.4898222 0.5383337 0.5776227 0.6203671 0.5918680 0.6312226 0.6063161 0.6698440 0.5506991 0.5697237 0.7060816 0.5511654 0.5158660 0.6017789 0.4831821 0.6017789 0.7215499 0.5881050 0.5570455 0.6539286 0.6841505 0.6161334 0.6226787 0.5918680 0.6669424 0.6471073 0.5776227 0.5918680 0.6068654 0.6179781 0.5881050 0.6422545 0.6017789 0.5570455 0.5222873 0.7403183 0.5830164 0.5106873 
Asteropterygionsetiferum                 1.1552453 1.4804100 0.2701997 0.2477096 0.4256880 0.5449387 0.5369642 0.2737534 0.0834029 0.0000000 0.1028702 0.0682976 0.0682976 0.0660411 0.1046670 0.1594957 0.1192507 0.1401898 0.3033045 0.2737534 0.2397351 0.2554376 0.3042615 0.2286974 0.2110445 0.3033045 0.3162414 0.2803935 0.4750121 0.2737534 0.2584624 0.2584624 0.2370937 0.2584624 0.3260671 0.3569205 0.3325285 0.2803935 0.2584624 0.2410281 0.2803935 0.2803935 0.2415291 0.5969712 0.5090909 0.5019316 0.5388560 0.4777883 0.5388560 0.5388560 0.5388560 0.5090909 0.4808958 0.5090909 0.5449387 0.5449387 0.5019316 0.5969712 0.5697237 0.5449387 0.5324228 0.5580796 0.5388560 0.7866186 0.4362367 0.6787567 0.5580796 0.6116410 0.6270845 0.6471073 0.6270845 0.5969712 0.6270845 0.6068654 0.6471073 0.5918680 0.5678760 0.6471073 0.6017789 0.5969712 0.5969712 0.6312226 0.5324228 0.5918680 0.5324228 0.6471073 0.5718953 0.5449387 0.5449387 0.4642305 0.4831821 0.6815422 0.6433676 0.5905428 0.6068654 0.5449387 0.5776227 0.5580796 0.6841505 0.6270845 0.5256080 0.5134884 0.5383337 0.5449387 0.5449387 0.5060716 0.5449387 0.4943543 0.4831821 0.6471073 0.5580796 0.5449387 0.5918680 0.5517138 0.5776227 0.5024967 0.5905428 0.5377132 0.5377132 0.6226787 0.5843161 0.6226787 0.4461389 0.5744839 0.5776227 0.4937530 0.5238405 0.5776227 0.6017789 0.5580796 0.5019316 0.5640722 0.5511654 0.5697237 0.5511654 0.5830164 0.5324228 0.3969495 0.5580796 0.4831821 0.5580796 0.7215499 0.5134884 0.5776227 0.6116410 0.5449387 0.4750121 0.5517138 0.5060716 0.5449387 0.6471073 0.5449387 0.5918680 0.6068654 0.5806585 0.4803524 0.5388560 0.5511654 0.5449387 0.5090909 0.5523682 0.4725168 0.3953816 
Asteropterygionoculitristis              0.8748518 1.4804100 0.2701997 0.2477096 0.3330000 0.4060793 0.3661389 0.1730328 0.0947391 0.1028702 0.0000000 0.0862839 0.1028702 0.0962607 0.1134435 0.1134435 0.0807082 0.1213211 0.2857873 0.2162593 0.2175737 0.2440196 0.2554376 0.2370937 0.2151957 0.2610789 0.2972291 0.3081225 0.4554531 0.3280588 0.2764812 0.2920691 0.2086964 0.2764812 0.3403422 0.3931636 0.2803935 0.2972291 0.2537410 0.1284589 0.3129036 0.2491902 0.2448009 0.4525721 0.4877735 0.3996442 0.4754540 0.3162414 0.4342792 0.4342792 0.4170524 0.4087670 0.3105627 0.4877735 0.4725168 0.5204871 0.4623240 0.4803524 0.4605971 0.4346971 0.4256880 0.3719059 0.4702619 0.6815422 0.3840127 0.6179781 0.4539393 0.4981975 0.5271021 0.4725168 0.4539393 0.5158660 0.5271021 0.4351578 0.4981975 0.5388560 0.4663465 0.4702619 0.5393017 0.4623240 0.4346971 0.4623240 0.4079569 0.4539393 0.4346971 0.5449387 0.5388560 0.4539393 0.4831821 0.4256880 0.5204871 0.5718953 0.5060716 0.4356682 0.4351578 0.4831821 0.6116410 0.4351578 0.5019316 0.4539393 0.4351578 0.4256880 0.5388560 0.4539393 0.4831821 0.5640722 0.4981975 0.5640722 0.5134884 0.5019316 0.6698440 0.5830164 0.4256880 0.4908982 0.5134884 0.4863208 0.4663465 0.5183760 0.4450687 0.6841505 0.5905428 0.5658021 0.5383337 0.6393793 0.6698440 0.5377132 0.5864411 0.4166300 0.4877735 0.4256880 0.4623240 0.5750625 0.5271021 0.4849346 0.4432325 0.5570455 0.4256880 0.4863208 0.6506210 0.4642305 0.5830164 0.5256080 0.5697237 0.6351167 0.5449387 0.5019316 0.5830164 0.6017789 0.5256080 0.4908982 0.4725168 0.4166300 0.5718953 0.5060716 0.4356682 0.4981975 0.5506991 0.5090909 0.5271021 0.4948123 0.5593069 0.4525721 0.4461389 
Asteropterygionpeterseni                 1.0033107 2.1374578 0.3840127 0.3498782 0.3648337 0.4843977 0.4023765 0.2110445 0.0162872 0.0682976 0.0862839 0.0000000 0.0165568 0.0000010 0.0515628 0.1234648 0.0862839 0.1213211 0.2426642 0.2151957 0.1640794 0.1859530 0.2286974 0.1931680 0.1750596 0.2664753 0.2779728 0.2913948 0.3498782 0.3096363 0.2415291 0.2415291 0.2202514 0.1995034 0.2857873 0.2913948 0.2684576 0.2415291 0.2684576 0.1859530 0.2202514 0.2202514 0.2032069 0.5776227 0.6161334 0.5134884 0.5511654 0.4571383 0.5511654 0.5511654 0.5324228 0.5204871 0.4937530 0.6506210 0.5918680 0.7023236 0.5449387 0.6471073 0.5830164 0.5580796 0.5776227 0.5517138 0.5511654 0.7403183 0.4256880 0.6351167 0.6226787 0.6433676 0.6226787 0.6068654 0.5864411 0.5580796 0.5864411 0.5658021 0.6068654 0.5864411 0.5217174 0.6433676 0.6161334 0.5918680 0.5918680 0.6270845 0.4943543 0.5718953 0.5134884 0.6068654 0.6393793 0.5060716 0.5718953 0.4554531 0.5060716 0.6393793 0.6017789 0.5449387 0.6017789 0.5718953 0.7215499 0.5517138 0.6433676 0.6226787 0.4863208 0.5060716 0.5313144 0.5060716 0.5718953 0.5313144 0.5383337 0.5183760 0.6068654 0.6815422 0.7002540 0.6815422 0.5517138 0.5806585 0.6068654 0.4937530 0.5843161 0.5299906 0.4937530 0.6570478 0.5776227 0.6179781 0.4687083 0.6075660 0.6068654 0.5217174 0.5523682 0.5718953 0.6161334 0.5864411 0.6270845 0.5918680 0.6669424 0.5511654 0.5640722 0.7042620 0.5449387 0.5348782 0.5864411 0.4750121 0.5864411 0.7635756 0.5383337 0.5383337 0.6433676 0.6815422 0.6017789 0.6570478 0.6393793 0.6815422 0.6433676 0.5718953 0.6226787 0.6393793 0.6129523 0.5511654 0.6161334 0.5969712 0.5918680 0.5204871 0.7168344 0.5776227 0.4898222 
Asteropterygiondayi                      0.9450118 2.1374578 0.3840127 0.3498782 0.3547232 0.4843977 0.3685881 0.2110445 0.0328990 0.0682976 0.1028702 0.0165568 0.0000000 0.0162872 0.0682976 0.1234648 0.0862839 0.1213211 0.2195145 0.2151957 0.1680311 0.1603099 0.1817121 0.1931680 0.1750596 0.2426642 0.2286974 0.2913948 0.3498782 0.3096363 0.2415291 0.2415291 0.2202514 0.2202514 0.3088302 0.3392548 0.3149813 0.2633644 0.2684576 0.1910498 0.2633644 0.2633644 0.2415291 0.5134884 0.5511654 0.4539393 0.4908982 0.4256880 0.4908982 0.4908982 0.4725168 0.4623240 0.4590258 0.5830164 0.5256080 0.6638552 0.4831821 0.5776227 0.5204871 0.4943543 0.5449387 0.4863208 0.4908982 0.7403183 0.4256880 0.6351167 0.5864411 0.5718953 0.5517138 0.5718953 0.5517138 0.5256080 0.5517138 0.5313144 0.5718953 0.5183760 0.5217174 0.5718953 0.5511654 0.5256080 0.5256080 0.5580796 0.4943543 0.5383337 0.4831821 0.6068654 0.6017789 0.5060716 0.5383337 0.4256880 0.4750121 0.6393793 0.6017789 0.5449387 0.5658021 0.5383337 0.6815422 0.5183760 0.6433676 0.5864411 0.4863208 0.4750121 0.5183760 0.5060716 0.5383337 0.4981975 0.5060716 0.4863208 0.5718953 0.6433676 0.6605640 0.6433676 0.5517138 0.5449387 0.5718953 0.4590258 0.5449387 0.4937530 0.4937530 0.6179781 0.5369642 0.5806585 0.4362367 0.5678760 0.5718953 0.4843977 0.5158660 0.5060716 0.5830164 0.5183760 0.5580796 0.5256080 0.6312226 0.4908982 0.5019316 0.6312226 0.4831821 0.5043628 0.5517138 0.4450687 0.5517138 0.7200875 0.5060716 0.5383337 0.6068654 0.6433676 0.5658021 0.6179781 0.6017789 0.6433676 0.6068654 0.5383337 0.5864411 0.6017789 0.5744839 0.5204871 0.5830164 0.5324228 0.5256080 0.4623240 0.6931111 0.5134884 0.4362367 
Asteropterygionthomassini                0.9289514 2.1374578 0.3840127 0.3498782 0.3815276 0.4898222 0.4150722 0.1959331 0.0303985 0.0660411 0.0962607 0.0000010 0.0162872 0.0000000 0.0482450 0.1309880 0.0962607 0.1192507 0.2202514 0.1959331 0.1603099 0.1700795 0.2235533 0.1760909 0.1684820 0.2558983 0.2664753 0.2864763 0.3611991 0.3213854 0.2607269 0.2607269 0.2124102 0.2405647 0.3243171 0.3366065 0.2857873 0.2653781 0.2584624 0.1811220 0.2607269 0.2328194 0.2124102 0.5511654 0.5881050 0.4908982 0.5506991 0.4356682 0.5271021 0.5271021 0.5090909 0.4981975 0.4687083 0.6203671 0.5640722 0.6669424 0.5204871 0.6161334 0.5570455 0.5324228 0.5511654 0.5256080 0.5271021 0.6433676 0.4049830 0.6017789 0.5918680 0.6351167 0.6161334 0.5776227 0.5580796 0.5570455 0.5830164 0.5383337 0.6017789 0.5830164 0.5238405 0.5697237 0.6106051 0.5640722 0.5640722 0.5969712 0.5019316 0.5449387 0.4908982 0.6017789 0.6312226 0.4831821 0.5449387 0.4908982 0.5388560 0.6068654 0.5718953 0.5238405 0.5718953 0.5449387 0.6841505 0.5256080 0.6116410 0.5918680 0.4642305 0.4831821 0.5324228 0.4831821 0.5449387 0.5324228 0.5090909 0.5019316 0.5776227 0.6471073 0.6865978 0.6161334 0.5256080 0.5776227 0.5776227 0.4981975 0.5593069 0.5313144 0.5313144 0.6471073 0.5523682 0.5864411 0.4750121 0.6017789 0.6017789 0.5024967 0.5517138 0.5449387 0.5881050 0.5580796 0.5969712 0.5881050 0.6351167 0.5506991 0.5388560 0.6698440 0.5204871 0.5158660 0.5830164 0.4539393 0.5204871 0.7215499 0.5090909 0.5388560 0.6351167 0.6471073 0.5969712 0.6226787 0.6270845 0.6312226 0.6116410 0.5449387 0.5918680 0.6068654 0.5806585 0.5570455 0.5801139 0.5697237 0.5881050 0.5222873 0.6956647 0.5511654 0.4777883 
Asteropterygionmagnum                    0.8748518 9.0000000 0.5158660 0.4663465 0.4256880 0.4687083 0.3627651 0.1172499 0.0807082 0.1046670 0.1134435 0.0515628 0.0682976 0.0482450 0.0000000 0.1354324 0.1354324 0.1623824 0.2032069 0.2202514 0.1950605 0.1982989 0.2615603 0.1995034 0.1969906 0.2426642 0.3037481 0.2286974 0.3498782 0.2610789 0.2491902 0.2653781 0.1995034 0.2286974 0.3138778 0.4008106 0.3088302 0.2917526 0.2415291 0.1910498 0.2864763 0.2415291 0.2584624 0.4539393 0.4908982 0.4539393 0.5333645 0.3953816 0.4346971 0.4908982 0.4623240 0.4623240 0.4256880 0.4908982 0.5718953 0.5256080 0.4642305 0.4831821 0.4908982 0.4642305 0.4831821 0.4161641 0.5324228 0.7419294 0.4590258 0.6757752 0.5383337 0.5830164 0.5830164 0.5580796 0.5383337 0.5388560 0.5830164 0.5183760 0.5830164 0.5511654 0.5238405 0.5204871 0.5449387 0.5134884 0.5134884 0.5449387 0.4256880 0.4450687 0.3983632 0.6017789 0.5969712 0.4642305 0.4943543 0.4623240 0.5640722 0.6226787 0.5517138 0.5238405 0.5183760 0.4351578 0.5580796 0.4750121 0.5918680 0.5383337 0.4450687 0.4351578 0.5204871 0.4642305 0.4943543 0.5776227 0.4803524 0.5449387 0.4642305 0.5256080 0.5830164 0.5019316 0.5060716 0.5776227 0.5256080 0.4663465 0.5238405 0.4981975 0.4981975 0.7023236 0.6075660 0.6179781 0.5183760 0.6570478 0.6506210 0.5905428 0.6017789 0.4943543 0.4908982 0.5060716 0.5449387 0.5570455 0.5324228 0.5158660 0.5019316 0.5640722 0.4831821 0.4256880 0.6312226 0.4750121 0.5640722 0.5864411 0.5511654 0.6161334 0.5388560 0.5256080 0.5776227 0.6570478 0.5864411 0.5134884 0.4943543 0.4943543 0.6226787 0.5517138 0.5238405 0.4623240 0.4877735 0.5134884 0.5969712 0.5271021 0.5299906 0.4539393 0.3748593 
Actinosetahummelincki                    0.9289514 2.1374578 0.3840127 0.2477096 0.3815276 0.5238405 0.4473343 0.1760909 0.1288736 0.1594957 0.1134435 0.1234648 0.1234648 0.1309880 0.1354324 0.0000000 0.0313517 0.1213211 0.2857873 0.2162593 0.2175737 0.2186369 0.2554376 0.2162593 0.1931680 0.2378216 0.2426642 0.2653781 0.4161641 0.3280588 0.3081225 0.3243171 0.2803935 0.3531785 0.4256880 0.4877735 0.3900320 0.3303461 0.2633644 0.2477096 0.3931636 0.3260671 0.3498782 0.5969712 0.6351167 0.5324228 0.6422545 0.4461389 0.5697237 0.5697237 0.5511654 0.5388560 0.4808958 0.6698440 0.5776227 0.7229171 0.5640722 0.6669424 0.6017789 0.5449387 0.5969712 0.5383337 0.5697237 0.7635756 0.4473343 0.6570478 0.6068654 0.6506210 0.6865978 0.6270845 0.6068654 0.6698440 0.6865978 0.5864411 0.6865978 0.6506210 0.5963500 0.6161334 0.6910661 0.6116410 0.6116410 0.6471073 0.5776227 0.5580796 0.5324228 0.7439669 0.7042620 0.5580796 0.5580796 0.5204871 0.5511654 0.7419294 0.6226787 0.5963500 0.6433676 0.5918680 0.7426540 0.5383337 0.7023236 0.6638552 0.5383337 0.5256080 0.6312226 0.5580796 0.5918680 0.5640722 0.6017789 0.5969712 0.6270845 0.7023236 0.8049064 0.7042620 0.6068654 0.6841505 0.6270845 0.5658021 0.6351167 0.6017789 0.6393793 0.7229171 0.5905428 0.6017789 0.5060716 0.6017789 0.6698440 0.5377132 0.5517138 0.5918680 0.6698440 0.6068654 0.6471073 0.6539286 0.6865978 0.6243639 0.5830164 0.7241982 0.5640722 0.5864411 0.6506210 0.4943543 0.6161334 0.7419294 0.5697237 0.6698440 0.7060816 0.7023236 0.6669424 0.6017789 0.6638552 0.6841505 0.6638552 0.5580796 0.5718953 0.6226787 0.5963500 0.6017789 0.6570478 0.6161334 0.6351167 0.5929136 0.8130951 0.5969712 0.5238405 
Actinosetachelispara                     0.9289514 2.1374578 0.3840127 0.2477096 0.3916697 0.5377132 0.4590258 0.1760909 0.0962607 0.1192507 0.0807082 0.0862839 0.0862839 0.0962607 0.1354324 0.0313517 0.0000000 0.0848189 0.2857873 0.2162593 0.2124102 0.2186369 0.2495971 0.2162593 0.1894915 0.2331697 0.2664753 0.2864763 0.4450687 0.3213854 0.3303461 0.3303461 0.3029174 0.3766543 0.4513311 0.4342792 0.3569205 0.3366065 0.2803935 0.2410281 0.4008106 0.3498782 0.3260671 0.6312226 0.6698440 0.5640722 0.6570478 0.4777883 0.6017789 0.6017789 0.5697237 0.5697237 0.5158660 0.6698440 0.5776227 0.7229171 0.5640722 0.6669424 0.6017789 0.5449387 0.5969712 0.5580796 0.5697237 0.7635756 0.4362367 0.6787567 0.6270845 0.6698440 0.6865978 0.6471073 0.6270845 0.6888988 0.6865978 0.6068654 0.7060816 0.6506210 0.5963500 0.6351167 0.6910661 0.6312226 0.6312226 0.6669424 0.5640722 0.5918680 0.5640722 0.7439669 0.7042620 0.5776227 0.5776227 0.5204871 0.5697237 0.7215499 0.6433676 0.5963500 0.6433676 0.6116410 0.7635756 0.5580796 0.7229171 0.6638552 0.5580796 0.5449387 0.6312226 0.5776227 0.6116410 0.5640722 0.6017789 0.5969712 0.6471073 0.7229171 0.8049064 0.7241982 0.6270845 0.6471073 0.6471073 0.5658021 0.6351167 0.6017789 0.6017789 0.7229171 0.5905428 0.6226787 0.5060716 0.6017789 0.6698440 0.5024967 0.5517138 0.6116410 0.6698440 0.6270845 0.6669424 0.6539286 0.7241982 0.6570478 0.6161334 0.7635756 0.5969712 0.6414060 0.6506210 0.5134884 0.6161334 0.7635756 0.5697237 0.6698440 0.7060816 0.7229171 0.6669424 0.6226787 0.6638552 0.7042620 0.6841505 0.5776227 0.5918680 0.6433676 0.6179781 0.6351167 0.6910661 0.6161334 0.6351167 0.5929136 0.8130951 0.6312226 0.5593069 
Actinosetajonesi                         0.7635756 1.1176449 0.1700795 0.0746768 0.3213854 0.4368739 0.4981975 0.2070511 0.1377700 0.1401898 0.1213211 0.1213211 0.1213211 0.1192507 0.1623824 0.1213211 0.0848189 0.0000000 0.2850040 0.2331697 0.2747390 0.2340853 0.3116387 0.2558983 0.2378216 0.3350190 0.3498782 0.3325285 0.4554531 0.2331697 0.2370937 0.2370937 0.2584624 0.2584624 0.3260671 0.3325285 0.3088302 0.2584624 0.2633644 0.1859530 0.3029174 0.3029174 0.2633644 0.5640722 0.6017789 0.5019316 0.5388560 0.4156477 0.5388560 0.5388560 0.5204871 0.5090909 0.4473343 0.6351167 0.5776227 0.6841505 0.5324228 0.6312226 0.5090909 0.4539393 0.5640722 0.5383337 0.5090909 0.7185196 0.3540693 0.6179781 0.5718953 0.5918680 0.5383337 0.5918680 0.5718953 0.5449387 0.5718953 0.5517138 0.5918680 0.5383337 0.4713616 0.5918680 0.5388560 0.5449387 0.5449387 0.5776227 0.5134884 0.5256080 0.4725168 0.5918680 0.5864411 0.4943543 0.5256080 0.4161641 0.4642305 0.6226787 0.5864411 0.4937530 0.5183760 0.5256080 0.6270845 0.5060716 0.6270845 0.5383337 0.4750121 0.4642305 0.4863208 0.4943543 0.5256080 0.4863208 0.4943543 0.4750121 0.5580796 0.5918680 0.6433676 0.6270845 0.5383337 0.5313144 0.5580796 0.4150722 0.4937530 0.4473343 0.4473343 0.6017789 0.4843977 0.5658021 0.3953816 0.5158660 0.5580796 0.4368739 0.4687083 0.4943543 0.5697237 0.5060716 0.5449387 0.5449387 0.6506210 0.5388560 0.5511654 0.6865978 0.5324228 0.5864411 0.5383337 0.4351578 0.5060716 0.7002540 0.4943543 0.5256080 0.5918680 0.5918680 0.4863208 0.6017789 0.5864411 0.6270845 0.5918680 0.5256080 0.5718953 0.5864411 0.5238405 0.5697237 0.6351167 0.5830164 0.5776227 0.5090909 0.7168344 0.5640722 0.4898222 
Asteropellamortenseni                    0.8151384 9.0000000 0.5158660 0.4663465 0.4375930 0.5678760 0.4713616 0.1401898 0.2584624 0.3033045 0.2857873 0.2426642 0.2195145 0.2202514 0.2032069 0.2857873 0.2857873 0.2850040 0.0000000 0.1011340 0.0897728 0.0586179 0.0841049 0.0490338 0.0719872 0.0707138 0.0944406 0.1760909 0.2151957 0.3350190 0.4346971 0.4525721 0.3798889 0.4346971 0.4908982 0.6161334 0.5383337 0.4908982 0.4351578 0.2885635 0.4803524 0.4351578 0.4070653 0.4554531 0.4943543 0.4554531 0.5388560 0.4150722 0.4351578 0.4943543 0.4642305 0.4642305 0.4368739 0.4943543 0.4981975 0.4554531 0.3969495 0.4554531 0.4642305 0.4663465 0.4450687 0.4777883 0.4351578 0.4642305 0.3251647 0.4461389 0.4450687 0.5324228 0.5019316 0.5060716 0.4863208 0.4908982 0.5324228 0.4663465 0.5324228 0.5019316 0.4898222 0.4441050 0.5204871 0.4351578 0.4943543 0.4642305 0.3280588 0.4356682 0.3350190 0.4803524 0.4725168 0.3535710 0.3798889 0.4079569 0.4346971 0.4161641 0.4256880 0.4571383 0.3969495 0.3798889 0.4070653 0.4161641 0.4642305 0.4161641 0.3882285 0.3798889 0.4441050 0.4070653 0.4351578 0.3900320 0.4256880 0.4166300 0.4070653 0.4351578 0.4623240 0.3900320 0.3882285 0.3900320 0.4070653 0.4060793 0.4571383 0.4356682 0.5658021 0.4831821 0.4150722 0.4060793 0.3882285 0.4663465 0.4525721 0.3661389 0.4554531 0.3882285 0.4642305 0.3969495 0.4351578 0.4803524 0.4943543 0.5204871 0.5060716 0.5718953 0.5183760 0.4417142 0.4346971 0.3535710 0.3569205 0.4554531 0.3743898 0.4256880 0.4256880 0.3798889 0.4166300 0.4356682 0.4450687 0.3983632 0.3798889 0.3798889 0.4161641 0.4256880 0.4256880 0.4642305 0.4908982 0.4450687 0.5580796 0.4908982 0.5449387 0.4863208 0.4368739 
Asteropellaslatteryi                     0.8151384 1.4804100 0.2701997 0.2477096 0.3685881 0.4150722 0.4368739 0.1377700 0.1924889 0.2737534 0.2162593 0.2151957 0.2151957 0.1959331 0.2202514 0.2162593 0.2162593 0.2331697 0.1011340 0.0000000 0.0210982 0.0386169 0.0401684 0.0649680 0.0524649 0.0893713 0.1328564 0.1540206 0.3096363 0.3033045 0.3498782 0.3431123 0.2737534 0.3498782 0.4256880 0.5090909 0.4351578 0.3996442 0.3462629 0.2223035 0.3916697 0.3462629 0.3213854 0.5060716 0.5449387 0.4450687 0.5271021 0.4150722 0.4831821 0.4831821 0.4539393 0.4539393 0.3719059 0.5449387 0.4256880 0.5517138 0.4161641 0.5060716 0.4539393 0.4554531 0.4750121 0.4060793 0.4256880 0.4351578 0.2386875 0.4461389 0.4450687 0.4623240 0.4623240 0.4351578 0.4161641 0.4525721 0.4623240 0.3969495 0.4623240 0.4346971 0.4256880 0.4079569 0.5090909 0.4256880 0.3983632 0.4256880 0.4070653 0.5313144 0.4450687 0.5090909 0.5019316 0.3798889 0.4070653 0.3820480 0.4079569 0.4450687 0.4256880 0.4256880 0.4554531 0.4070653 0.5256080 0.3611991 0.4943543 0.4750121 0.3611991 0.3535710 0.4166300 0.3798889 0.4070653 0.3900320 0.3996442 0.3900320 0.4351578 0.4943543 0.5511654 0.4725168 0.4161641 0.4166300 0.4351578 0.3775050 0.4571383 0.4356682 0.5658021 0.4539393 0.3840127 0.3775050 0.3882285 0.4663465 0.4803524 0.3661389 0.4256880 0.4070653 0.5134884 0.4161641 0.4539393 0.4702619 0.5918680 0.5090909 0.4943543 0.6270845 0.4750121 0.3945317 0.4623240 0.3280588 0.4079569 0.5183760 0.3996442 0.4525721 0.5090909 0.4943543 0.4725168 0.4356682 0.4750121 0.4831821 0.4642305 0.4070653 0.4161641 0.4256880 0.4571383 0.5134884 0.5388560 0.4642305 0.4539393 0.4256880 0.6256469 0.5060716 0.4937530 
Asteropellasp.J57062                     1.0289537 1.9188209 0.4256880 0.4777883 0.3378876 0.3605507 0.3162414 0.1640794 0.1603099 0.2397351 0.2175737 0.1640794 0.1680311 0.1603099 0.1950605 0.2175737 0.2124102 0.2747390 0.0897728 0.0210982 0.0000000 0.0000010 0.0215529 0.0427444 0.0210982 0.0897728 0.1418510 0.2124102 0.1950605 0.3275355 0.2972291 0.2679864 0.2397351 0.2972291 0.3589858 0.3685881 0.3361164 0.3275355 0.3275355 0.2354725 0.2972291 0.2972291 0.2747390 0.4611544 0.4611544 0.4256880 0.3916697 0.3144119 0.4256880 0.3916697 0.3589858 0.3916697 0.3648337 0.4981975 0.3685881 0.5128320 0.3685881 0.4743637 0.3589858 0.3685881 0.4136974 0.3685881 0.3275355 0.4501996 0.1765367 0.4136974 0.3451657 0.3589858 0.3589858 0.3589858 0.3589858 0.3275355 0.3361164 0.3589858 0.3589858 0.3275355 0.3144119 0.3589858 0.3916697 0.3589858 0.2972291 0.3275355 0.3361164 0.4256880 0.4375930 0.3685881 0.3787272 0.3048628 0.3361164 0.2818441 0.3048628 0.3451657 0.3685881 0.2885635 0.3787272 0.3361164 0.4743637 0.2747390 0.4023765 0.3787272 0.2747390 0.2747390 0.2584624 0.2747390 0.3048628 0.3129036 0.2747390 0.2519007 0.3685881 0.4023765 0.5128320 0.4375930 0.3361164 0.3361164 0.3361164 0.2162593 0.3237800 0.2803935 0.3869213 0.3451657 0.3144119 0.3129036 0.2410281 0.3498782 0.3361164 0.2547751 0.3055764 0.3275355 0.4256880 0.3361164 0.3916697 0.3275355 0.5531625 0.4256880 0.4375930 0.6203671 0.4375930 0.4590258 0.3361164 0.2456663 0.3129036 0.4501996 0.2747390 0.3048628 0.3685881 0.4375930 0.4136974 0.3547232 0.4136974 0.4375930 0.3685881 0.3361164 0.3685881 0.3451657 0.3398278 0.4256880 0.4611544 0.4256880 0.3685881 0.2972291 0.5815077 0.4743637 0.4635733 
AsteropellaslatteryiJ57060               0.9450118 2.1374578 0.4256880 0.3840127 0.3237800 0.4256880 0.3755476 0.1468221 0.2139332 0.2554376 0.2440196 0.1859530 0.1603099 0.1700795 0.1982989 0.2186369 0.2186369 0.2340853 0.0586179 0.0386169 0.0000010 0.0000000 0.0000010 0.0386169 0.0202439 0.0841049 0.1112762 0.2139332 0.2340853 0.2899722 0.2701997 0.2641997 0.2286974 0.2972291 0.3540693 0.3840127 0.3193870 0.3251647 0.2830645 0.2286974 0.3457865 0.3116387 0.2830645 0.4486780 0.5073384 0.4486780 0.4687083 0.4144266 0.4713616 0.4368739 0.4037569 0.4368739 0.4136974 0.5073384 0.3916697 0.4611544 0.3815276 0.4611544 0.4037569 0.4037569 0.4144266 0.3916697 0.3719059 0.3815276 0.2726774 0.4136974 0.3815276 0.4256880 0.4473343 0.4144266 0.4144266 0.3840127 0.4256880 0.3685881 0.4256880 0.4150722 0.4368739 0.3936328 0.4150722 0.3719059 0.3116387 0.3412276 0.3719059 0.4144266 0.4144266 0.4049830 0.4256880 0.3116387 0.3412276 0.3176940 0.3251647 0.3719059 0.4144266 0.4368739 0.3815276 0.3719059 0.4713616 0.3193870 0.4037569 0.3815276 0.3116387 0.3116387 0.3251647 0.3116387 0.3412276 0.3540693 0.3176940 0.3251647 0.4037569 0.4037569 0.4808958 0.4473343 0.3719059 0.3042615 0.3719059 0.3540693 0.4256880 0.3840127 0.5158660 0.3936328 0.3589858 0.3275355 0.3748593 0.4368739 0.3748593 0.3815276 0.4150722 0.3719059 0.4713616 0.3815276 0.4368739 0.3748593 0.5843161 0.4808958 0.4843977 0.6017789 0.4843977 0.4777883 0.3748593 0.2554376 0.3251647 0.4981975 0.3176940 0.3457865 0.4362367 0.4713616 0.4150722 0.3685881 0.4843977 0.4713616 0.4037569 0.3412276 0.3815276 0.3916697 0.4144266 0.5073384 0.5158660 0.4713616 0.4368739 0.3540693 0.5815077 0.5217174 0.4519369 
AsteropellaslatteryiJ57061               1.0289537 1.9188209 0.4256880 0.4777883 0.3806320 0.4393495 0.3556188 0.1776610 0.2235533 0.3042615 0.2554376 0.2286974 0.1817121 0.2235533 0.2615603 0.2554376 0.2495971 0.3116387 0.0841049 0.0401684 0.0215529 0.0000010 0.0000000 0.0610028 0.0401684 0.0841049 0.1088502 0.2235533 0.2340853 0.3627651 0.3627651 0.3330000 0.3042615 0.3627651 0.3936328 0.4037569 0.3719059 0.3936328 0.3936328 0.2354725 0.3627651 0.3627651 0.3412276 0.4037569 0.4590258 0.4037569 0.3936328 0.3648337 0.4256880 0.3936328 0.3627651 0.3936328 0.3547232 0.4590258 0.3412276 0.4611544 0.3412276 0.4144266 0.3627651 0.3815276 0.4144266 0.3412276 0.3330000 0.4023765 0.1999589 0.4023765 0.3815276 0.3627651 0.3627651 0.3627651 0.3627651 0.3330000 0.3412276 0.3193870 0.3627651 0.3330000 0.3398278 0.3627651 0.3627651 0.3330000 0.2764812 0.3042615 0.3412276 0.4375930 0.4486780 0.3719059 0.3916697 0.3412276 0.3719059 0.2830645 0.3116387 0.3719059 0.4037569 0.3398278 0.3815276 0.3719059 0.4713616 0.3116387 0.4037569 0.3815276 0.3116387 0.3116387 0.2899722 0.3116387 0.3412276 0.3412276 0.3116387 0.2899722 0.4037569 0.4037569 0.4486780 0.4713616 0.3719059 0.2972291 0.3719059 0.2653781 0.3398278 0.2972291 0.4008106 0.3498782 0.3055764 0.3193870 0.2893302 0.3648337 0.3412276 0.3055764 0.3213854 0.3330000 0.4256880 0.3412276 0.3936328 0.3042615 0.5843161 0.4256880 0.4368739 0.5449387 0.4368739 0.4417142 0.3412276 0.2554376 0.3193870 0.4843977 0.3116387 0.3116387 0.4037569 0.4713616 0.3916697 0.3589858 0.4486780 0.4713616 0.4037569 0.3719059 0.3719059 0.3815276 0.3894504 0.4256880 0.4590258 0.4256880 0.3719059 0.3042615 0.5360418 0.4713616 0.4384109 
