61
Antilocapra_americanus     0.0000000 0.0701544 0.4503121 0.4112532 0.4112532 0.7856989 0.0145081 0.0154019 0.8597476 0.8597476 0.6828913 0.8492142 0.4550743 0.4810937 0.8031241 0.7850356 0.7850356 0.8215944 0.8128539 0.8616273 0.6906468 0.6906468 0.8117753 0.8117753 0.7769235 0.8117753 0.8117753 0.8526464 0.8117753 0.8040723 0.4366173 0.8906830 0.8906830 0.8597476 0.8616273 0.8616273 0.8616273 0.8726473 0.8816854 0.8414947 0.8906830 0.7154578 0.8883268 0.8117753 0.7936400 0.8215944 0.8509034 0.8509034 0.8794667 0.8128539 0.6837177 0.8139661 0.8526464 0.7584593 0.8215944 0.8404631 0.7763903 0.0221765 0.0149417 0.8302945 0.8316718 
Archaeoceti                0.0701544 0.0000000 0.3350323 0.2909547 0.2909547 0.5040929 0.0948474 0.1021194 0.5514542 0.5514542 0.4196264 0.5686961 0.3018919 0.3673721 0.5016777 0.5079148 0.5079148 0.5345454 0.5311408 0.6589718 0.4938009 0.4773685 0.5657988 0.5345454 0.5143133 0.5345454 0.5482982 0.6309240 0.5514542 0.5416593 0.3122710 0.5482982 0.5554524 0.5482982 0.5413317 0.5311408 0.5379954 0.5345454 0.5450351 0.5690516 0.5482982 0.4246733 0.5760757 0.5016777 0.5244637 0.5514542 0.5244637 0.5244637 0.5345454 0.5244637 0.4714551 0.6018864 0.6309240 0.5143133 0.5514542 0.5686961 0.5040929 0.1087605 0.0971534 0.5585313 0.5482982 
Balaena_mysticetus         0.4503121 0.3350323 0.0000000 0.0708172 0.0713226 0.5319729 0.4774988 0.5160099 0.6718126 0.6718126 0.6126442 0.6796861 0.0739616 0.0349348 0.6425823 0.6570754 0.6570754 0.6649178 0.5192222 0.7091239 0.5037392 0.5164436 0.6570754 0.6503946 0.6126442 0.6503946 0.6570754 0.7251061 0.6503946 0.6253217 0.0863122 0.5449121 0.5580456 0.5396774 0.5449121 0.5371438 0.5371438 0.5293352 0.5293352 0.4686245 0.5449121 0.5580456 0.7020532 0.6361086 0.6868022 0.6649178 0.6788590 0.6788590 0.7020532 0.7020532 0.5066546 0.6780095 0.7015154 0.6283254 0.6649178 0.6425823 0.5580456 0.5022024 0.4789712 0.6718126 0.5526406 
Balaenoptera_acutorostrata 0.4112532 0.2909547 0.0708172 0.0000000 0.0000010 0.4968419 0.4366173 0.4752007 0.6548955 0.6548955 0.5869862 0.6622763 0.0406656 0.0946869 0.6412766 0.6474812 0.6474812 0.6412766 0.4968419 0.6744741 0.4867520 0.4824503 0.6474812 0.6351949 0.5925429 0.6351949 0.6474812 0.7185085 0.6622763 0.6450941 0.0129154 0.5202155 0.5369726 0.5156130 0.5202155 0.5129985 0.5176309 0.5103224 0.5103224 0.4510804 0.5202155 0.5542854 0.7263638 0.6351949 0.6687298 0.6412766 0.6753165 0.6753165 0.6970724 0.6895735 0.4669353 0.6527022 0.6678129 0.6205041 0.6412766 0.6278663 0.5202155 0.4589589 0.4416125 0.6548955 0.5156130 
Balaenoptera_physalus      0.4112532 0.2909547 0.0713226 0.0000010 0.0000000 0.4853851 0.4366173 0.4752007 0.6548955 0.6548955 0.5742123 0.6622763 0.0409431 0.0946869 0.6412766 0.6474812 0.6474812 0.6412766 0.4853851 0.6602750 0.4824503 0.4782257 0.6474812 0.6351949 0.5925429 0.6351949 0.6474812 0.7035828 0.6622763 0.6450941 0.0129993 0.5084507 0.5249035 0.5039849 0.5084507 0.5012534 0.5057461 0.4984579 0.4984579 0.4421647 0.5084507 0.5469131 0.7263638 0.6219621 0.6548955 0.6412766 0.6753165 0.6753165 0.6970724 0.6895735 0.4557886 0.6450941 0.6744741 0.6205041 0.6412766 0.6278663 0.5084507 0.4589589 0.4416125 0.6548955 0.5156130 
Berardius_bairdii          0.7856989 0.5040929 0.5319729 0.4968419 0.4853851 0.0000000 0.8228397 0.8487625 0.3022258 0.3022258 0.3121903 0.3022258 0.5001430 0.5668530 0.2713856 0.2963707 0.2963707 0.2789943 0.0497765 0.3483402 0.2474905 0.2457896 0.2885669 0.2847977 0.2690774 0.2847977 0.2808320 0.3223836 0.3002336 0.2805240 0.5176309 0.0846069 0.0970840 0.0900392 0.0732527 0.0736681 0.0740882 0.0689446 0.0805165 0.0449297 0.0905492 0.2845816 0.3648535 0.2924816 0.2866698 0.2866698 0.3506252 0.3506252 0.3482457 0.3506252 0.2678960 0.3230373 0.3866037 0.2655644 0.2866698 0.2866698 0.0608941 0.8436238 0.8060589 0.2944132 0.0666460 
Bos_taurus                 0.0145081 0.0948474 0.4774988 0.4366173 0.4366173 0.8228397 0.0000000 0.0076671 0.8996405 0.8996405 0.7158364 0.8883268 0.4687465 0.4810937 0.8404631 0.8215944 0.8215944 0.8597476 0.8509034 0.8616273 0.7241437 0.7241437 0.8492142 0.8492142 0.8139661 0.8492142 0.8492142 0.8526464 0.8492142 0.8420186 0.4627386 0.9323575 0.9323575 0.8996405 0.9022142 0.9022142 0.9022142 0.9140751 0.9232363 0.8899500 0.9323575 0.7502018 0.9292700 0.8492142 0.8302945 0.8597476 0.8906830 0.8906830 0.9202905 0.8509034 0.7162040 0.8526464 0.8526464 0.7936400 0.8597476 0.8794667 0.8128539 0.0221765 0.0149417 0.8685520 0.8705671 
Camelus_dromedarius        0.0154019 0.1021194 0.5160099 0.4752007 0.4752007 0.8487625 0.0076671 0.0000000 0.8469931 0.8469931 0.7233438 0.8563046 0.5125909 0.5253065 0.8268193 0.8162977 0.8162977 0.8563046 0.8582256 0.8487625 0.7413856 0.7413856 0.8360725 0.8360725 0.8081755 0.8360725 0.8360725 0.8602120 0.8360725 0.8282337 0.5043700 0.9457986 0.9457986 0.9104650 0.9134073 0.9134073 0.9134073 0.9262811 0.9360623 0.8875580 0.9457986 0.7693880 0.8982288 0.8360725 0.8162977 0.8563046 0.8793110 0.8793110 0.8887921 0.8469931 0.7323881 0.8392529 0.7987833 0.7780402 0.8563046 0.8676430 0.8175206 0.0076671 0.0000010 0.8563046 0.8793110 
Cephalorhynchus_commersoni 0.8597476 0.5514542 0.6718126 0.6548955 0.6548955 0.3022258 0.8996405 0.8469931 0.0000000 0.0000010 0.1523032 0.0161047 0.6727230 0.7040665 0.0433861 0.0382575 0.0382575 0.0380495 0.3239104 0.2199001 0.3700776 0.3883312 0.0326886 0.0160188 0.0273033 0.0160188 0.0161917 0.1882771 0.0268632 0.0277581 0.6965040 0.3482457 0.3673721 0.3648535 0.3506252 0.3447144 0.3470911 0.3434915 0.3495013 0.2686761 0.3565102 0.1356791 0.1632627 0.0545773 0.0436227 0.0215395 0.1505352 0.1505352 0.1505352 0.1459280 0.3946471 0.2805240 0.1962814 0.0497765 0.0215395 0.0323362 0.2789943 0.8616273 0.8330925 0.0215395 0.3506252 
Cephalorhynchus_eutropia   0.8597476 0.5514542 0.6718126 0.6548955 0.6548955 0.3022258 0.8996405 0.8469931 0.0000010 0.0000000 0.1523032 0.0161047 0.6727230 0.7040665 0.0433861 0.0382575 0.0382575 0.0380495 0.3239104 0.2199001 0.3700776 0.3883312 0.0326886 0.0160188 0.0273033 0.0160188 0.0161917 0.1882771 0.0268632 0.0277581 0.6965040 0.3482457 0.3673721 0.3648535 0.3506252 0.3447144 0.3470911 0.3434915 0.3495013 0.2686761 0.3565102 0.1356791 0.1632627 0.0545773 0.0436227 0.0215395 0.1505352 0.1505352 0.1505352 0.1459280 0.3946471 0.2805240 0.1962814 0.0497765 0.0215395 0.0323362 0.2789943 0.8616273 0.8330925 0.0215395 0.3506252 
Delphinapterus_leucas      0.6828913 0.4196264 0.6126442 0.5869862 0.5742123 0.3121903 0.7158364 0.7233438 0.1523032 0.1523032 0.0000000 0.1395988 0.5603300 0.6056764 0.1208815 0.1404173 0.1404173 0.1333151 0.3283013 0.2070264 0.3942048 0.3942048 0.1467868 0.1387898 0.1541134 0.1387898 0.1404173 0.2171572 0.1325454 0.1364859 0.5982099 0.3614413 0.3639591 0.3844458 0.3639591 0.3579657 0.3604823 0.3569398 0.3630351 0.2759080 0.3699262 0.0388953 0.1706986 0.1140751 0.1086222 0.1333151 0.1837952 0.1837952 0.1782792 0.1717125 0.3912456 0.2824267 0.2114564 0.1098801 0.1333151 0.1459280 0.3121903 0.7241437 0.7150679 0.1333151 0.3699262 
Delphinus_delphis          0.8492142 0.5686961 0.6796861 0.6622763 0.6622763 0.3022258 0.8883268 0.8563046 0.0161047 0.0161047 0.1395988 0.0000000 0.6804915 0.7115955 0.0270083 0.0326886 0.0326886 0.0270083 0.3180633 0.2127863 0.3700776 0.3883312 0.0161917 0.0106465 0.0218932 0.0106465 0.0107611 0.1882771 0.0106465 0.0165490 0.7040665 0.3423704 0.3614413 0.3648535 0.3447144 0.3387775 0.3411180 0.3374547 0.3434915 0.2710439 0.3506252 0.1230092 0.1568758 0.0433861 0.0270083 0.0053354 0.1450792 0.1450792 0.1450792 0.1270763 0.3854606 0.2805240 0.2101431 0.0328677 0.0053354 0.0161047 0.2789943 0.8705671 0.8330925 0.0053354 0.3482457 
Eschrichtius_robustus      0.4550743 0.3018919 0.0739616 0.0406656 0.0409431 0.5001430 0.4687465 0.5125909 0.6727230 0.6727230 0.5603300 0.6804915 0.0000000 0.0625887 0.6438544 0.6503946 0.6503946 0.6581696 0.4926655 0.6491952 0.4820484 0.4656897 0.6649178 0.6515632 0.6065038 0.6515632 0.6649178 0.7095639 0.6659078 0.6479636 0.0406656 0.5245774 0.5421487 0.5197355 0.5245774 0.5170574 0.5219326 0.5143133 0.5143133 0.4421647 0.5245774 0.5473428 0.7178943 0.6235609 0.6727230 0.6581696 0.6947079 0.6947079 0.7178943 0.7099921 0.4345046 0.6065038 0.6718126 0.6361086 0.6581696 0.6438544 0.5245774 0.4932572 0.4752007 0.6727230 0.5197355 
Eubalaena_glacialis        0.4810937 0.3673721 0.0349348 0.0946869 0.0946869 0.5668530 0.4810937 0.5253065 0.7040665 0.7040665 0.6056764 0.7115955 0.0625887 0.0000000 0.6895735 0.6965040 0.6965040 0.6895735 0.5542854 0.7259667 0.5469131 0.5594582 0.6965040 0.6827863 0.6387577 0.6827863 0.6965040 0.7730633 0.6827863 0.6659078 0.0816125 0.5796037 0.5982099 0.5742123 0.5796037 0.5721857 0.5776233 0.5701091 0.5701091 0.4896638 0.5796037 0.5721857 0.7188037 0.6548955 0.6895735 0.6895735 0.7261679 0.7261679 0.7490443 0.7413856 0.5345454 0.6592358 0.7336933 0.6678129 0.6895735 0.6753165 0.5925429 0.5055573 0.4878872 0.7040665 0.5999494 
Feresa_attenuata           0.8031241 0.5016777 0.6425823 0.6412766 0.6412766 0.2713856 0.8404631 0.8268193 0.0433861 0.0433861 0.1208815 0.0270083 0.6438544 0.6895735 0.0000000 0.0161917 0.0161917 0.0161047 0.2924816 0.2343037 0.3521970 0.3521970 0.0326886 0.0268632 0.0384677 0.0268632 0.0271550 0.1882771 0.0268632 0.0277581 0.6678129 0.3159467 0.3341928 0.3319472 0.3180633 0.3121903 0.3143004 0.3104687 0.3164395 0.2486179 0.3239104 0.1043418 0.1632627 0.0323362 0.0215395 0.0215395 0.1505352 0.1505352 0.1505352 0.1459280 0.3854606 0.2726852 0.2242279 0.0162795 0.0215395 0.0323362 0.2638424 0.8616273 0.7952488 0.0215395 0.3180633 
Globicephala_macrorhynchus 0.7850356 0.5079148 0.6570754 0.6474812 0.6474812 0.2963707 0.8215944 0.8162977 0.0382575 0.0382575 0.1404173 0.0326886 0.6503946 0.6965040 0.0161917 0.0000000 0.0000010 0.0270083 0.3121903 0.2563637 0.3728238 0.3728238 0.0384677 0.0325115 0.0443484 0.0325115 0.0328677 0.1962814 0.0325115 0.0393325 0.6744741 0.3364694 0.3554845 0.3589586 0.3387775 0.3328143 0.3351182 0.3313905 0.3374547 0.2608545 0.3447144 0.1230092 0.1837952 0.0548769 0.0271550 0.0270083 0.1587253 0.1587253 0.1717125 0.1523032 0.3976028 0.2984455 0.2547196 0.0330488 0.0270083 0.0382575 0.2885669 0.8420186 0.7952488 0.0270083 0.3447144 
Globicephala_melaena       0.7850356 0.5079148 0.6570754 0.6474812 0.6474812 0.2963707 0.8215944 0.8162977 0.0382575 0.0382575 0.1404173 0.0326886 0.6503946 0.6965040 0.0161917 0.0000010 0.0000000 0.0270083 0.3121903 0.2563637 0.3728238 0.3728238 0.0384677 0.0325115 0.0443484 0.0325115 0.0328677 0.1962814 0.0325115 0.0393325 0.6744741 0.3364694 0.3554845 0.3589586 0.3387775 0.3328143 0.3351182 0.3313905 0.3374547 0.2608545 0.3447144 0.1230092 0.1837952 0.0548769 0.0271550 0.0270083 0.1587253 0.1587253 0.1717125 0.1523032 0.3976028 0.2984455 0.2547196 0.0330488 0.0270083 0.0382575 0.2885669 0.8420186 0.7952488 0.0270083 0.3447144 
Grampus_griseus            0.8215944 0.5345454 0.6649178 0.6412766 0.6412766 0.2789943 0.8597476 0.8563046 0.0380495 0.0380495 0.1333151 0.0270083 0.6581696 0.6895735 0.0161047 0.0270083 0.0270083 0.0000000 0.2944132 0.2489484 0.3700776 0.3700776 0.0326886 0.0268632 0.0328677 0.0268632 0.0271550 0.2019359 0.0268632 0.0277581 0.6820409 0.3180633 0.3364694 0.3319472 0.3202087 0.3143004 0.3164395 0.3126009 0.3186083 0.2486179 0.3260909 0.1285641 0.1761781 0.0489638 0.0215395 0.0214242 0.1577951 0.1577951 0.1577951 0.1450792 0.4039310 0.2964155 0.2385432 0.0273033 0.0214242 0.0270083 0.2638424 0.8816854 0.8139661 0.0215395 0.3180633 
Hyperoodon_planifrons      0.8128539 0.5311408 0.5192222 0.4968419 0.4853851 0.0497765 0.8509034 0.8582256 0.3239104 0.3239104 0.3283013 0.3180633 0.4926655 0.5542854 0.2924816 0.3121903 0.3121903 0.2944132 0.0000000 0.3483402 0.2474905 0.2457896 0.3042448 0.3002336 0.2904894 0.3002336 0.2963707 0.3554845 0.3159467 0.3104687 0.5176309 0.0492317 0.0612332 0.0492317 0.0384677 0.0384677 0.0388953 0.0334169 0.0445956 0.0445956 0.0548769 0.2845816 0.3962723 0.3080549 0.3080549 0.3022258 0.3817827 0.3817827 0.3791568 0.3673721 0.2660542 0.3483402 0.3778096 0.2808320 0.3022258 0.3080549 0.0492317 0.8330925 0.8436238 0.3101087 0.0438620 
Inia_geoffrensis           0.8616273 0.6589718 0.7091239 0.6744741 0.6602750 0.3483402 0.8616273 0.8487625 0.2199001 0.2199001 0.2070264 0.2127863 0.6491952 0.7259667 0.2343037 0.2563637 0.2563637 0.2489484 0.3483402 0.0000000 0.3907380 0.4098906 0.2285219 0.2114564 0.2241477 0.2114564 0.2141331 0.1308625 0.2185200 0.2345112 0.7030863 0.4103915 0.4134235 0.4074045 0.4012531 0.3950742 0.3979822 0.3946471 0.4009341 0.3523997 0.4103915 0.2241477 0.2400595 0.2328206 0.2270723 0.2199001 0.2343037 0.2343037 0.2270723 0.2285219 0.3600690 0.2360583 0.1373023 0.2227136 0.2199001 0.2199001 0.3313905 0.8839768 0.8452811 0.2185200 0.3922091 
Kogia_breviceps            0.6906468 0.4938009 0.5037392 0.4867520 0.4824503 0.2474905 0.7241437 0.7413856 0.3700776 0.3700776 0.3942048 0.3700776 0.4820484 0.5469131 0.3521970 0.3728238 0.3728238 0.3700776 0.2474905 0.3907380 0.0000000 0.0117059 0.3547820 0.3584662 0.3420735 0.3584662 0.3547820 0.4036516 0.3763696 0.3748269 0.5075825 0.2965115 0.2818532 0.2861193 0.2798642 0.2818532 0.2672631 0.2711067 0.2775045 0.2472461 0.2965115 0.3627729 0.4454944 0.3584662 0.3700776 0.3610916 0.4196264 0.4196264 0.4260221 0.4196264 0.0745131 0.4294718 0.4132015 0.3458986 0.3610916 0.3610916 0.2474905 0.7413856 0.7062050 0.3700776 0.2554724 
Kogia_simus                0.6906468 0.4773685 0.5164436 0.4824503 0.4782257 0.2457896 0.7241437 0.7413856 0.3883312 0.3883312 0.3942048 0.3883312 0.4656897 0.5594582 0.3521970 0.3728238 0.3728238 0.3700776 0.2457896 0.4098906 0.0117059 0.0000000 0.3728238 0.3763696 0.3600690 0.3763696 0.3728238 0.4228567 0.3946471 0.3937466 0.5029777 0.2944132 0.2798642 0.2841190 0.2779033 0.2798642 0.2653821 0.2691711 0.2755276 0.2450678 0.2944132 0.3719956 0.4654099 0.3763696 0.3700776 0.3791568 0.4390717 0.4390717 0.4454944 0.4390717 0.0740530 0.4495013 0.4326197 0.3458986 0.3791568 0.3791568 0.2537082 0.7413856 0.7062050 0.3883312 0.2537082 
Lagenodelphis_hosei        0.8117753 0.5657988 0.6570754 0.6474812 0.6474812 0.2885669 0.8492142 0.8360725 0.0326886 0.0326886 0.1467868 0.0161917 0.6649178 0.6965040 0.0326886 0.0384677 0.0384677 0.0326886 0.3042448 0.2285219 0.3547820 0.3728238 0.0000000 0.0161047 0.0054517 0.0161047 0.0161047 0.1826359 0.0161047 0.0220137 0.6889074 0.3283013 0.3506252 0.3506252 0.3305422 0.3245886 0.3305422 0.3268243 0.3328143 0.2529854 0.3364694 0.1300873 0.1642231 0.0492317 0.0326886 0.0107611 0.1523032 0.1523032 0.1523032 0.1340939 0.3700776 0.2745260 0.2256411 0.0271550 0.0107611 0.0107611 0.2655644 0.8705671 0.8139661 0.0107611 0.3364694 
Lagenorhynchus_acutus      0.8117753 0.5345454 0.6503946 0.6351949 0.6351949 0.2847977 0.8492142 0.8360725 0.0160188 0.0160188 0.1387898 0.0106465 0.6515632 0.6827863 0.0268632 0.0325115 0.0325115 0.0268632 0.3002336 0.2114564 0.3584662 0.3763696 0.0161047 0.0000000 0.0108193 0.0000010 0.0000010 0.1737771 0.0105901 0.0164582 0.6753165 0.3239104 0.3423704 0.3458986 0.3260909 0.3202087 0.3223836 0.3186083 0.3245886 0.2486179 0.3319472 0.1222917 0.1559672 0.0431520 0.0268632 0.0053071 0.1442402 0.1442402 0.1442402 0.1263452 0.3736237 0.2631599 0.2088461 0.0326886 0.0053071 0.0160188 0.2621427 0.8705671 0.8139661 0.0053071 0.3319472 
Lagenorhynchus_albirostris 0.7769235 0.5143133 0.6126442 0.5925429 0.5925429 0.2690774 0.8139661 0.8081755 0.0273033 0.0273033 0.1541134 0.0218932 0.6065038 0.6387577 0.0384677 0.0443484 0.0443484 0.0328677 0.2904894 0.2241477 0.3420735 0.3600690 0.0054517 0.0108193 0.0000000 0.0108193 0.0109376 0.1780595 0.0217741 0.0222588 0.6311773 0.3143004 0.3328143 0.3305422 0.3164395 0.3104687 0.3126009 0.3086909 0.3147630 0.2429278 0.3223836 0.1373023 0.1727386 0.0497765 0.0386803 0.0162795 0.1587253 0.1587253 0.1596665 0.1404173 0.3637564 0.2624462 0.2070264 0.0334169 0.0162795 0.0162795 0.2463242 0.8345587 0.7774732 0.0163684 0.3164395 
Lagenorhynchus_australis   0.8117753 0.5345454 0.6503946 0.6351949 0.6351949 0.2847977 0.8492142 0.8360725 0.0160188 0.0160188 0.1387898 0.0106465 0.6515632 0.6827863 0.0268632 0.0325115 0.0325115 0.0268632 0.3002336 0.2114564 0.3584662 0.3763696 0.0161047 0.0000010 0.0108193 0.0000000 0.0000010 0.1737771 0.0105901 0.0164582 0.6753165 0.3239104 0.3423704 0.3458986 0.3260909 0.3202087 0.3223836 0.3186083 0.3245886 0.2486179 0.3319472 0.1222917 0.1559672 0.0431520 0.0268632 0.0053071 0.1442402 0.1442402 0.1442402 0.1263452 0.3736237 0.2631599 0.2088461 0.0326886 0.0053071 0.0160188 0.2621427 0.8705671 0.8139661 0.0053071 0.3319472 
Lagenorhynchus_obscurus    0.8117753 0.5482982 0.6570754 0.6474812 0.6474812 0.2808320 0.8492142 0.8360725 0.0161917 0.0161917 0.1404173 0.0107611 0.6649178 0.6965040 0.0271550 0.0328677 0.0328677 0.0271550 0.2963707 0.2141331 0.3547820 0.3728238 0.0161047 0.0000010 0.0109376 0.0000010 0.0000000 0.1692000 0.0107035 0.0164582 0.6889074 0.3202087 0.3423704 0.3423704 0.3223836 0.3164395 0.3223836 0.3186083 0.3245886 0.2429278 0.3283013 0.1237352 0.1577951 0.0436227 0.0271550 0.0053640 0.1459280 0.1459280 0.1459280 0.1278159 0.3700776 0.2589354 0.2114564 0.0326886 0.0053640 0.0161917 0.2580294 0.8705671 0.8139661 0.0053640 0.3283013 
Lipotes_vexillifer         0.8526464 0.6309240 0.7251061 0.7185085 0.7035828 0.3223836 0.8526464 0.8602120 0.1882771 0.1882771 0.2171572 0.1882771 0.7095639 0.7730633 0.1882771 0.1962814 0.1962814 0.2019359 0.3554845 0.1308625 0.4036516 0.4228567 0.1826359 0.1737771 0.1780595 0.1737771 0.1692000 0.0000000 0.1871362 0.1802811 0.7335905 0.3926667 0.4044614 0.4076091 0.3954870 0.3893859 0.4012531 0.3979822 0.4042007 0.3348050 0.3926667 0.2127863 0.2718798 0.1871362 0.1882771 0.1815268 0.2588087 0.2588087 0.2514942 0.2457896 0.4196264 0.1755869 0.1550347 0.2044493 0.1815268 0.1681805 0.3223836 0.9169725 0.8360725 0.1748282 0.3987032 
Lissodelphis_borealis      0.8117753 0.5514542 0.6503946 0.6622763 0.6622763 0.3002336 0.8492142 0.8360725 0.0268632 0.0268632 0.1325454 0.0106465 0.6659078 0.6827863 0.0268632 0.0325115 0.0325115 0.0268632 0.3159467 0.2185200 0.3763696 0.3946471 0.0161047 0.0105901 0.0217741 0.0105901 0.0107035 0.1871362 0.0000000 0.0054517 0.7040665 0.3400585 0.3589586 0.3623697 0.3423704 0.3364694 0.3387775 0.3351182 0.3411180 0.2686761 0.3482457 0.1098801 0.1434109 0.0431520 0.0268632 0.0053071 0.1442402 0.1442402 0.1442402 0.1263452 0.3826328 0.2708692 0.2228324 0.0326886 0.0053071 0.0160188 0.2771807 0.8705671 0.8139661 0.0053071 0.3482457 
Lissodelphis_peronii       0.8040723 0.5416593 0.6253217 0.6450941 0.6450941 0.2805240 0.8420186 0.8282337 0.0277581 0.0277581 0.1364859 0.0165490 0.6479636 0.6659078 0.0277581 0.0393325 0.0393325 0.0277581 0.3104687 0.2345112 0.3748269 0.3937466 0.0220137 0.0164582 0.0222588 0.0164582 0.0164582 0.1802811 0.0054517 0.0000000 0.6875225 0.3351182 0.3519457 0.3579657 0.3313905 0.3313905 0.3313905 0.3337224 0.3398243 0.2598342 0.3434915 0.1138355 0.1476558 0.0388953 0.0332318 0.0109978 0.1420835 0.1420835 0.1429316 0.1300873 0.3942048 0.2581177 0.2168787 0.0391127 0.0109978 0.0165490 0.2708692 0.8635677 0.7870879 0.0109978 0.3374547 
Megaptera_novaeangliae     0.4366173 0.3122710 0.0863122 0.0129154 0.0129993 0.5176309 0.4627386 0.5043700 0.6965040 0.6965040 0.5982099 0.7040665 0.0406656 0.0816125 0.6678129 0.6744741 0.6744741 0.6820409 0.5176309 0.7030863 0.5075825 0.5029777 0.6889074 0.6753165 0.6311773 0.6753165 0.6889074 0.7335905 0.7040665 0.6875225 0.0000000 0.5418959 0.5594582 0.5369726 0.5418959 0.5345454 0.5395047 0.5320596 0.5320596 0.4510804 0.5418959 0.5647317 0.7413856 0.6338887 0.6820409 0.6820409 0.7185085 0.7185085 0.7413856 0.7336933 0.4940207 0.6311773 0.6959209 0.6602750 0.6820409 0.6678129 0.5418959 0.4861985 0.4687465 0.6965040 0.5369726 
Mesoplodon_bidens          0.8906830 0.5482982 0.5449121 0.5202155 0.5084507 0.0846069 0.9323575 0.9457986 0.3482457 0.3482457 0.3614413 0.3423704 0.5245774 0.5796037 0.3159467 0.3364694 0.3364694 0.3180633 0.0492317 0.4103915 0.2965115 0.2944132 0.3283013 0.3239104 0.3143004 0.3239104 0.3202087 0.3926667 0.3400585 0.3351182 0.5418959 0.0000000 0.0270083 0.0323362 0.0107035 0.0107035 0.0108193 0.0108782 0.0053929 0.0442666 0.0105901 0.3164395 0.4225900 0.3319472 0.3319472 0.3260909 0.4078069 0.4078069 0.4049572 0.4018593 0.3068542 0.3832576 0.4319506 0.3042448 0.3260909 0.3319472 0.0895349 0.9140751 0.9262811 0.3341928 0.0724359 
Mesoplodon_carlhubbsi      0.8906830 0.5554524 0.5580456 0.5369726 0.5249035 0.0970840 0.9323575 0.9457986 0.3673721 0.3673721 0.3639591 0.3614413 0.5421487 0.5982099 0.3341928 0.3554845 0.3554845 0.3364694 0.0612332 0.4134235 0.2818532 0.2798642 0.3506252 0.3423704 0.3328143 0.3423704 0.3423704 0.4044614 0.3589586 0.3519457 0.5594582 0.0270083 0.0000000 0.0495026 0.0216562 0.0217741 0.0216562 0.0274532 0.0273033 0.0449297 0.0380495 0.3186083 0.4377618 0.3506252 0.3447144 0.3447144 0.4286471 0.4286471 0.4255966 0.4226398 0.2944132 0.3950742 0.4351479 0.3260909 0.3447144 0.3506252 0.1025563 0.9140751 0.9262811 0.3530379 0.0846069 
Mesoplodon_densirostris    0.8597476 0.5482982 0.5396774 0.5156130 0.5039849 0.0900392 0.8996405 0.9104650 0.3648535 0.3648535 0.3844458 0.3648535 0.5197355 0.5742123 0.3319472 0.3589586 0.3589586 0.3319472 0.0492317 0.4074045 0.2861193 0.2841190 0.3506252 0.3458986 0.3305422 0.3458986 0.3423704 0.4076091 0.3623697 0.3579657 0.5369726 0.0323362 0.0495026 0.0000000 0.0271550 0.0271550 0.0274532 0.0220137 0.0274532 0.0292608 0.0214242 0.3387775 0.4465172 0.3458986 0.3540954 0.3482457 0.4255966 0.4255966 0.4225900 0.4255966 0.3047074 0.3983488 0.4288008 0.3260909 0.3482457 0.3482457 0.0890362 0.8816854 0.8839768 0.3565102 0.0720343 
Mesoplodon_europaeus       0.8616273 0.5413317 0.5449121 0.5202155 0.5084507 0.0732527 0.9022142 0.9134073 0.3506252 0.3506252 0.3639591 0.3447144 0.5245774 0.5796037 0.3180633 0.3387775 0.3387775 0.3202087 0.0384677 0.4012531 0.2798642 0.2779033 0.3305422 0.3260909 0.3164395 0.3260909 0.3223836 0.3954870 0.3423704 0.3313905 0.5418959 0.0107035 0.0216562 0.0271550 0.0000000 0.0000010 0.0000010 0.0108782 0.0108193 0.0367315 0.0215395 0.3186083 0.4106978 0.3341928 0.3283013 0.3283013 0.4018593 0.4018593 0.3990459 0.3958861 0.2923446 0.3860419 0.4226912 0.3062912 0.3283013 0.3341928 0.0787047 0.8839768 0.8956300 0.3364694 0.0612332 
Mesoplodon_ginkgodens      0.8616273 0.5311408 0.5371438 0.5129985 0.5012534 0.0736681 0.9022142 0.9134073 0.3447144 0.3447144 0.3579657 0.3387775 0.5170574 0.5721857 0.3121903 0.3328143 0.3328143 0.3143004 0.0384677 0.3950742 0.2818532 0.2798642 0.3245886 0.3202087 0.3104687 0.3202087 0.3164395 0.3893859 0.3364694 0.3313905 0.5345454 0.0107035 0.0217741 0.0271550 0.0000010 0.0000000 0.0000010 0.0108782 0.0108193 0.0367315 0.0215395 0.3126009 0.4106978 0.3283013 0.3283013 0.3223836 0.3958861 0.3958861 0.3931093 0.3898870 0.2923446 0.3798469 0.4165549 0.3003656 0.3223836 0.3283013 0.0787047 0.8839768 0.8956300 0.3305422 0.0615762 
Mesoplodon_grayi           0.8616273 0.5379954 0.5371438 0.5176309 0.5057461 0.0740882 0.9022142 0.9134073 0.3470911 0.3470911 0.3604823 0.3411180 0.5219326 0.5776233 0.3143004 0.3351182 0.3351182 0.3164395 0.0388953 0.3979822 0.2672631 0.2653821 0.3305422 0.3223836 0.3126009 0.3223836 0.3223836 0.4012531 0.3387775 0.3313905 0.5395047 0.0108193 0.0216562 0.0274532 0.0000010 0.0000010 0.0000000 0.0108782 0.0108193 0.0372793 0.0217741 0.3147630 0.4076091 0.3305422 0.3245886 0.3245886 0.3987032 0.3987032 0.3958861 0.3926667 0.2798642 0.3917356 0.4196264 0.3062912 0.3245886 0.3305422 0.0796003 0.8839768 0.8956300 0.3328143 0.0619229 
Mesoplodon_hectori         0.8726473 0.5345454 0.5293352 0.5103224 0.4984579 0.0689446 0.9140751 0.9262811 0.3434915 0.3434915 0.3569398 0.3374547 0.5143133 0.5701091 0.3104687 0.3313905 0.3313905 0.3126009 0.0334169 0.3946471 0.2711067 0.2691711 0.3268243 0.3186083 0.3086909 0.3186083 0.3186083 0.3979822 0.3351182 0.3337224 0.5320596 0.0108782 0.0274532 0.0220137 0.0108782 0.0108782 0.0108782 0.0000000 0.0108782 0.0375594 0.0163684 0.3108456 0.4105472 0.3268243 0.3268243 0.3208073 0.3954870 0.3954870 0.3926667 0.3893859 0.2818532 0.3883312 0.4165014 0.3024041 0.3208073 0.3268243 0.0740882 0.8956300 0.9076220 0.3290914 0.0567460 
Mesoplodon_layardii        0.8816854 0.5450351 0.5293352 0.5103224 0.4984579 0.0805165 0.9232363 0.9360623 0.3495013 0.3495013 0.3630351 0.3434915 0.5143133 0.5701091 0.3164395 0.3374547 0.3374547 0.3186083 0.0445956 0.4009341 0.2775045 0.2755276 0.3328143 0.3245886 0.3147630 0.3245886 0.3245886 0.4042007 0.3411180 0.3398243 0.5320596 0.0053929 0.0273033 0.0274532 0.0108193 0.0108193 0.0108193 0.0108782 0.0000000 0.0449297 0.0162795 0.3169554 0.4166066 0.3328143 0.3328143 0.3268243 0.4015613 0.4015613 0.3987032 0.3954870 0.2881483 0.3946471 0.4227445 0.3083657 0.3268243 0.3328143 0.0855730 0.9048733 0.9169725 0.3351182 0.0681610 
Mesoplodon_peruvianus      0.8414947 0.5690516 0.4686245 0.4510804 0.4421647 0.0449297 0.8899500 0.8875580 0.2686761 0.2686761 0.2759080 0.2710439 0.4421647 0.4896638 0.2486179 0.2608545 0.2608545 0.2486179 0.0445956 0.3523997 0.2472461 0.2450678 0.2529854 0.2486179 0.2429278 0.2486179 0.2429278 0.3348050 0.2686761 0.2598342 0.4510804 0.0442666 0.0449297 0.0292608 0.0367315 0.0367315 0.0372793 0.0375594 0.0449297 0.0000000 0.0367315 0.2529854 0.3538496 0.2686761 0.2585895 0.2585895 0.3458986 0.3458986 0.3538496 0.3571348 0.2408250 0.3348050 0.3765046 0.2329845 0.2585895 0.2686761 0.0677758 0.8678347 0.8678347 0.2608545 0.0449297 
Mesoplodon_stejnegeri      0.8906830 0.5482982 0.5449121 0.5202155 0.5084507 0.0905492 0.9323575 0.9457986 0.3565102 0.3565102 0.3699262 0.3506252 0.5245774 0.5796037 0.3239104 0.3447144 0.3447144 0.3260909 0.0548769 0.4103915 0.2965115 0.2944132 0.3364694 0.3319472 0.3223836 0.3319472 0.3283013 0.3926667 0.3482457 0.3434915 0.5418959 0.0105901 0.0380495 0.0214242 0.0215395 0.0215395 0.0217741 0.0163684 0.0162795 0.0367315 0.0000000 0.3245886 0.4315415 0.3400585 0.3400585 0.3341928 0.4166566 0.4166566 0.4137292 0.4106978 0.3068542 0.3832576 0.4319506 0.3121903 0.3341928 0.3400585 0.0954471 0.9140751 0.9262811 0.3423704 0.0782644 
Monodon_monoceros          0.7154578 0.4246733 0.5580456 0.5542854 0.5469131 0.2845816 0.7502018 0.7693880 0.1356791 0.1356791 0.0388953 0.1230092 0.5473428 0.5721857 0.1043418 0.1230092 0.1230092 0.1285641 0.2845816 0.2241477 0.3627729 0.3719956 0.1300873 0.1222917 0.1373023 0.1222917 0.1237352 0.2127863 0.1098801 0.1138355 0.5647317 0.3164395 0.3186083 0.3387775 0.3186083 0.3126009 0.3147630 0.3108456 0.3169554 0.2529854 0.3245886 0.0000000 0.1606190 0.0976422 0.1167424 0.1160639 0.1748282 0.1748282 0.1681805 0.1615829 0.3784424 0.3005037 0.2270723 0.1055672 0.1160639 0.1293212 0.3003656 0.7592434 0.7595210 0.1167424 0.3245886 
Neophocaena_phocaenoides   0.8883268 0.5760757 0.7020532 0.7263638 0.7263638 0.3648535 0.9292700 0.8982288 0.1632627 0.1632627 0.1706986 0.1568758 0.7178943 0.7188037 0.1632627 0.1837952 0.1837952 0.1761781 0.3962723 0.2400595 0.4454944 0.4654099 0.1642231 0.1559672 0.1727386 0.1559672 0.1577951 0.2718798 0.1434109 0.1476558 0.7413856 0.4225900 0.4377618 0.4465172 0.4106978 0.4106978 0.4076091 0.4105472 0.4166066 0.3538496 0.4315415 0.1606190 0.0000000 0.1434109 0.1623136 0.1505352 0.0325115 0.0325115 0.0215395 0.0382575 0.4582534 0.3351182 0.2299103 0.1717125 0.1505352 0.1632627 0.3623697 0.9323575 0.8931160 0.1505352 0.4346290 
Orcaella_brevirostris      0.8117753 0.5016777 0.6361086 0.6351949 0.6219621 0.2924816 0.8492142 0.8360725 0.0545773 0.0545773 0.1140751 0.0433861 0.6235609 0.6548955 0.0323362 0.0548769 0.0548769 0.0489638 0.3080549 0.2328206 0.3584662 0.3763696 0.0492317 0.0431520 0.0497765 0.0431520 0.0436227 0.1871362 0.0431520 0.0388953 0.6338887 0.3319472 0.3506252 0.3458986 0.3341928 0.3283013 0.3305422 0.3268243 0.3328143 0.2686761 0.3400585 0.0976422 0.1434109 0.0000000 0.0378437 0.0378437 0.1379902 0.1379902 0.1379902 0.1387898 0.4009341 0.2786470 0.2299103 0.0551798 0.0378437 0.0433861 0.2621427 0.8705671 0.7952488 0.0378437 0.3319472 
Orcinus_orca               0.7936400 0.5244637 0.6868022 0.6687298 0.6548955 0.2866698 0.8302945 0.8162977 0.0436227 0.0436227 0.1086222 0.0270083 0.6727230 0.6895735 0.0215395 0.0271550 0.0271550 0.0215395 0.3080549 0.2270723 0.3700776 0.3700776 0.0326886 0.0268632 0.0386803 0.0268632 0.0271550 0.1882771 0.0268632 0.0332318 0.6820409 0.3319472 0.3447144 0.3540954 0.3283013 0.3283013 0.3245886 0.3268243 0.3328143 0.2585895 0.3400585 0.1167424 0.1623136 0.0378437 0.0000000 0.0215395 0.1642231 0.1642231 0.1642231 0.1459280 0.3917356 0.2884337 0.2313563 0.0273033 0.0215395 0.0325115 0.2847977 0.8509034 0.7952488 0.0215395 0.3341928 
Peponocephala_electra      0.8215944 0.5514542 0.6649178 0.6412766 0.6412766 0.2866698 0.8597476 0.8563046 0.0215395 0.0215395 0.1333151 0.0053354 0.6581696 0.6895735 0.0215395 0.0270083 0.0270083 0.0214242 0.3022258 0.2199001 0.3610916 0.3791568 0.0107611 0.0053071 0.0162795 0.0053071 0.0053640 0.1815268 0.0053071 0.0109978 0.6820409 0.3260909 0.3447144 0.3482457 0.3283013 0.3223836 0.3245886 0.3208073 0.3268243 0.2585895 0.3341928 0.1160639 0.1505352 0.0378437 0.0215395 0.0000000 0.1387898 0.1387898 0.1387898 0.1201886 0.3763696 0.2726852 0.2171572 0.0273033 0.0000010 0.0107035 0.2638424 0.8816854 0.8330925 0.0000010 0.3341928 
Phocoena_phocoena          0.8509034 0.5244637 0.6788590 0.6753165 0.6753165 0.3506252 0.8906830 0.8793110 0.1505352 0.1505352 0.1837952 0.1450792 0.6947079 0.7261679 0.1505352 0.1587253 0.1587253 0.1577951 0.3817827 0.2343037 0.4196264 0.4390717 0.1523032 0.1442402 0.1587253 0.1442402 0.1459280 0.2588087 0.1442402 0.1420835 0.7185085 0.4078069 0.4286471 0.4255966 0.4018593 0.3958861 0.3987032 0.3954870 0.4015613 0.3458986 0.4166566 0.1748282 0.0325115 0.1379902 0.1642231 0.1387898 0.0000000 0.0000010 0.0107035 0.0161917 0.4454944 0.3126009 0.2242279 0.1596665 0.1387898 0.1505352 0.3423704 0.9140751 0.8436238 0.1387898 0.4196264 
Phocoena_sinus             0.8509034 0.5244637 0.6788590 0.6753165 0.6753165 0.3506252 0.8906830 0.8793110 0.1505352 0.1505352 0.1837952 0.1450792 0.6947079 0.7261679 0.1505352 0.1587253 0.1587253 0.1577951 0.3817827 0.2343037 0.4196264 0.4390717 0.1523032 0.1442402 0.1587253 0.1442402 0.1459280 0.2588087 0.1442402 0.1420835 0.7185085 0.4078069 0.4286471 0.4255966 0.4018593 0.3958861 0.3987032 0.3954870 0.4015613 0.3458986 0.4166566 0.1748282 0.0325115 0.1379902 0.1642231 0.1387898 0.0000010 0.0000000 0.0107035 0.0161917 0.4454944 0.3126009 0.2242279 0.1596665 0.1387898 0.1505352 0.3423704 0.9140751 0.8436238 0.1387898 0.4196264 
Phocoena_spinipinnis       0.8794667 0.5345454 0.7020532 0.6970724 0.6970724 0.3482457 0.9202905 0.8887921 0.1505352 0.1505352 0.1782792 0.1450792 0.7178943 0.7490443 0.1505352 0.1717125 0.1717125 0.1577951 0.3791568 0.2270723 0.4260221 0.4454944 0.1523032 0.1442402 0.1596665 0.1442402 0.1459280 0.2514942 0.1442402 0.1429316 0.7413856 0.4049572 0.4255966 0.4225900 0.3990459 0.3931093 0.3958861 0.3926667 0.3987032 0.3538496 0.4137292 0.1681805 0.0215395 0.1379902 0.1642231 0.1387898 0.0107035 0.0107035 0.0000000 0.0162795 0.4518882 0.3186083 0.2101431 0.1596665 0.1387898 0.1505352 0.3400585 0.9232363 0.8726473 0.1387898 0.4166566 
Phocoenoides_dalli         0.8128539 0.5244637 0.7020532 0.6895735 0.6895735 0.3506252 0.8509034 0.8469931 0.1459280 0.1459280 0.1717125 0.1270763 0.7099921 0.7413856 0.1459280 0.1523032 0.1523032 0.1450792 0.3673721 0.2285219 0.4196264 0.4390717 0.1340939 0.1263452 0.1404173 0.1263452 0.1278159 0.2457896 0.1263452 0.1300873 0.7336933 0.4018593 0.4226398 0.4255966 0.3958861 0.3898870 0.3926667 0.3893859 0.3954870 0.3571348 0.4106978 0.1615829 0.0382575 0.1387898 0.1459280 0.1201886 0.0161917 0.0161917 0.0162795 0.0000000 0.4357041 0.3126009 0.2185200 0.1532030 0.1201886 0.1333151 0.3341928 0.8726473 0.8241244 0.1208815 0.4106978 
Physeter_catadon           0.6837177 0.4714551 0.5066546 0.4669353 0.4557886 0.2678960 0.7162040 0.7323881 0.3946471 0.3946471 0.3912456 0.3854606 0.4345046 0.5345454 0.3854606 0.3976028 0.3976028 0.4039310 0.2660542 0.3600690 0.0745131 0.0740530 0.3700776 0.3736237 0.3637564 0.3736237 0.3700776 0.4196264 0.3826328 0.3942048 0.4940207 0.3068542 0.2944132 0.3047074 0.2923446 0.2923446 0.2798642 0.2818532 0.2881483 0.2408250 0.3068542 0.3784424 0.4582534 0.4009341 0.3917356 0.3763696 0.4454944 0.4454944 0.4518882 0.4357041 0.0000000 0.4067467 0.4489588 0.3610916 0.3763696 0.3854606 0.2740635 0.7327861 0.7154578 0.3854606 0.2841190 
Platanista_gangetica       0.8139661 0.6018864 0.6780095 0.6527022 0.6450941 0.3230373 0.8526464 0.8392529 0.2805240 0.2805240 0.2824267 0.2805240 0.6065038 0.6592358 0.2726852 0.2984455 0.2984455 0.2964155 0.3483402 0.2360583 0.4294718 0.4495013 0.2745260 0.2631599 0.2624462 0.2631599 0.2589354 0.1755869 0.2708692 0.2581177 0.6311773 0.3832576 0.3950742 0.3983488 0.3860419 0.3798469 0.3917356 0.3883312 0.3946471 0.3348050 0.3832576 0.3005037 0.3351182 0.2786470 0.2884337 0.2726852 0.3126009 0.3126009 0.3186083 0.3126009 0.4067467 0.0000000 0.2864946 0.2824267 0.2726852 0.2726852 0.3398243 0.8747956 0.8162977 0.2649160 0.3922091 
Pontoporia_blainvillei     0.8526464 0.6309240 0.7015154 0.6678129 0.6744741 0.3866037 0.8526464 0.7987833 0.1962814 0.1962814 0.2114564 0.2101431 0.6718126 0.7336933 0.2242279 0.2547196 0.2547196 0.2385432 0.3778096 0.1373023 0.4132015 0.4326197 0.2256411 0.2088461 0.2070264 0.2088461 0.2114564 0.1550347 0.2228324 0.2168787 0.6959209 0.4319506 0.4351479 0.4288008 0.4226912 0.4165549 0.4196264 0.4165014 0.4227445 0.3765046 0.4319506 0.2270723 0.2299103 0.2299103 0.2313563 0.2171572 0.2242279 0.2242279 0.2101431 0.2185200 0.4489588 0.2864946 0.0000000 0.2270723 0.2171572 0.2171572 0.3434915 0.8151134 0.8162977 0.2171572 0.4044614 
Pseudorca_crassidens       0.7584593 0.5143133 0.6283254 0.6205041 0.6205041 0.2655644 0.7936400 0.7780402 0.0497765 0.0497765 0.1098801 0.0328677 0.6361086 0.6678129 0.0162795 0.0330488 0.0330488 0.0273033 0.2808320 0.2227136 0.3458986 0.3458986 0.0271550 0.0326886 0.0334169 0.0326886 0.0326886 0.2044493 0.0326886 0.0391127 0.6602750 0.3042448 0.3260909 0.3260909 0.3062912 0.3003656 0.3062912 0.3024041 0.3083657 0.2329845 0.3121903 0.1055672 0.1717125 0.0551798 0.0273033 0.0273033 0.1596665 0.1596665 0.1596665 0.1532030 0.3610916 0.2824267 0.2270723 0.0000000 0.0273033 0.0273033 0.2580294 0.8128539 0.7589742 0.0273033 0.3121903 
Sotalia_fluviatilis        0.8215944 0.5514542 0.6649178 0.6412766 0.6412766 0.2866698 0.8597476 0.8563046 0.0215395 0.0215395 0.1333151 0.0053354 0.6581696 0.6895735 0.0215395 0.0270083 0.0270083 0.0214242 0.3022258 0.2199001 0.3610916 0.3791568 0.0107611 0.0053071 0.0162795 0.0053071 0.0053640 0.1815268 0.0053071 0.0109978 0.6820409 0.3260909 0.3447144 0.3482457 0.3283013 0.3223836 0.3245886 0.3208073 0.3268243 0.2585895 0.3341928 0.1160639 0.1505352 0.0378437 0.0215395 0.0000010 0.1387898 0.1387898 0.1387898 0.1201886 0.3763696 0.2726852 0.2171572 0.0273033 0.0000000 0.0107035 0.2638424 0.8816854 0.8330925 0.0000010 0.3341928 
Steno_bredanensis          0.8404631 0.5686961 0.6425823 0.6278663 0.6278663 0.2866698 0.8794667 0.8676430 0.0323362 0.0323362 0.1459280 0.0161047 0.6438544 0.6753165 0.0323362 0.0382575 0.0382575 0.0270083 0.3080549 0.2199001 0.3610916 0.3791568 0.0107611 0.0160188 0.0162795 0.0160188 0.0161917 0.1681805 0.0160188 0.0165490 0.6678129 0.3319472 0.3506252 0.3482457 0.3341928 0.3283013 0.3305422 0.3268243 0.3328143 0.2686761 0.3400585 0.1293212 0.1632627 0.0433861 0.0325115 0.0107035 0.1505352 0.1505352 0.1505352 0.1333151 0.3854606 0.2726852 0.2171572 0.0273033 0.0107035 0.0000000 0.2638424 0.9022142 0.8330925 0.0107035 0.3341928 
Tasmacetus_shepherdi       0.7763903 0.5040929 0.5580456 0.5202155 0.5084507 0.0608941 0.8128539 0.8175206 0.2789943 0.2789943 0.3121903 0.2789943 0.5245774 0.5925429 0.2638424 0.2885669 0.2885669 0.2638424 0.0492317 0.3313905 0.2474905 0.2537082 0.2655644 0.2621427 0.2463242 0.2621427 0.2580294 0.3223836 0.2771807 0.2708692 0.5418959 0.0895349 0.1025563 0.0890362 0.0787047 0.0787047 0.0796003 0.0740882 0.0855730 0.0677758 0.0954471 0.3003656 0.3623697 0.2621427 0.2847977 0.2638424 0.3423704 0.3423704 0.3400585 0.3341928 0.2740635 0.3398243 0.3434915 0.2580294 0.2638424 0.2638424 0.0000000 0.7952488 0.7960909 0.2713856 0.0605588 
Tayassua_tajacu            0.0221765 0.1087605 0.5022024 0.4589589 0.4589589 0.8436238 0.0221765 0.0076671 0.8616273 0.8616273 0.7241437 0.8705671 0.4932572 0.5055573 0.8616273 0.8420186 0.8420186 0.8816854 0.8330925 0.8839768 0.7413856 0.7413856 0.8705671 0.8705671 0.8345587 0.8705671 0.8705671 0.9169725 0.8705671 0.8635677 0.4861985 0.9140751 0.9140751 0.8816854 0.8839768 0.8839768 0.8839768 0.8956300 0.9048733 0.8678347 0.9140751 0.7592434 0.9323575 0.8705671 0.8509034 0.8816854 0.9140751 0.9140751 0.9232363 0.8726473 0.7327861 0.8747956 0.8151134 0.8128539 0.8816854 0.9022142 0.7952488 0.0000000 0.0151683 0.8906830 0.8526464 
Tragulus_napu              0.0149417 0.0971534 0.4789712 0.4416125 0.4416125 0.8060589 0.0149417 0.0000010 0.8330925 0.8330925 0.7150679 0.8330925 0.4752007 0.4878872 0.7952488 0.7952488 0.7952488 0.8139661 0.8436238 0.8452811 0.7062050 0.7062050 0.8139661 0.8139661 0.7774732 0.8139661 0.8139661 0.8360725 0.8139661 0.7870879 0.4687465 0.9262811 0.9262811 0.8839768 0.8956300 0.8956300 0.8956300 0.9076220 0.9169725 0.8678347 0.9262811 0.7595210 0.8931160 0.7952488 0.7952488 0.8330925 0.8436238 0.8436238 0.8726473 0.8241244 0.7154578 0.8162977 0.8162977 0.7589742 0.8330925 0.8330925 0.7960909 0.0151683 0.0000000 0.8330925 0.8544459 
Tursiops_truncatus         0.8302945 0.5585313 0.6718126 0.6548955 0.6548955 0.2944132 0.8685520 0.8563046 0.0215395 0.0215395 0.1333151 0.0053354 0.6727230 0.7040665 0.0215395 0.0270083 0.0270083 0.0215395 0.3101087 0.2185200 0.3700776 0.3883312 0.0107611 0.0053071 0.0163684 0.0053071 0.0053640 0.1748282 0.0053071 0.0109978 0.6965040 0.3341928 0.3530379 0.3565102 0.3364694 0.3305422 0.3328143 0.3290914 0.3351182 0.2608545 0.3423704 0.1167424 0.1505352 0.0378437 0.0215395 0.0000010 0.1387898 0.1387898 0.1387898 0.1208815 0.3854606 0.2649160 0.2171572 0.0273033 0.0000010 0.0107035 0.2713856 0.8906830 0.8330925 0.0000000 0.3423704 
Ziphius_cavirostris        0.8316718 0.5482982 0.5526406 0.5156130 0.5156130 0.0666460 0.8705671 0.8793110 0.3506252 0.3506252 0.3699262 0.3482457 0.5197355 0.5999494 0.3180633 0.3447144 0.3447144 0.3180633 0.0438620 0.3922091 0.2554724 0.2537082 0.3364694 0.3319472 0.3164395 0.3319472 0.3283013 0.3987032 0.3482457 0.3374547 0.5369726 0.0724359 0.0846069 0.0720343 0.0612332 0.0615762 0.0619229 0.0567460 0.0681610 0.0449297 0.0782644 0.3245886 0.4346290 0.3319472 0.3341928 0.3341928 0.4196264 0.4196264 0.4166566 0.4106978 0.2841190 0.3922091 0.4044614 0.3121903 0.3341928 0.3341928 0.0605588 0.8526464 0.8544459 0.3423704 0.0000000 
