24
Dorudon_atrox              0.0000000 0.4136974 0.3978147 0.3138778 0.4898222 0.7780687 0.8734524 1.2811122 1.5154414 1.2811122 1.5154414 1.1317696 2.3445089 3.2431836 2.6823965 1.7833885 2.2261240 2.4086431 2.7815231 9.0000000 2.8616560 1.9892854 3.2431836 1.9920387 
Physeter_macrocephalus     0.4136974 0.0000000 0.0897728 0.5517138 0.8000778 0.7804112 0.8857452 0.9189538 0.9084481 0.9550291 1.2102103 1.0289537 1.7039633 9.0000000 1.5004110 1.2948901 1.5809333 1.8206684 1.8929121 3.0281831 2.3610111 1.3967744 1.5405563 1.3949804 
Ziphius_cavirostris        0.3978147 0.0897728 0.0000000 0.5324228 0.7635756 0.7635756 0.8657442 0.9289514 1.0827358 0.9600109 1.1603112 1.1317696 1.6215918 2.0352892 1.4604490 1.2485102 1.5921192 1.8243803 1.8693014 2.7768371 2.3196315 1.4931329 1.8166523 1.4668840 
Aetiocetus                 0.3138778 0.5517138 0.5324228 0.0000000 0.2151957 0.3840127 0.4079569 0.8857452 0.7077927 0.7265325 1.2444715 1.1317696 1.6025796 1.8075448 1.5271512 1.0387770 1.6855209 1.7178525 1.7756124 1.8711889 1.9188209 1.9188209 9.0000000 1.9581983 
Eomysticetus_whitmorei     0.4898222 0.8000778 0.7635756 0.2151957 0.0000000 0.2604584 0.3227674 0.7482847 0.6747342 0.5838185 0.9759858 1.0289537 1.1819856 1.0608047 0.9366084 1.1263407 1.2816491 1.3015082 1.3411983 1.1552453 1.5381889 0.9523487 2.1841990 1.4053325 
Diorocetus_hiatus          0.7780687 0.7804112 0.7635756 0.3840127 0.2604584 0.0000000 0.1192507 0.5757521 0.4256880 0.3136231 0.7215499 0.6017789 0.9268870 0.8800439 0.7635756 0.9645440 0.9907791 1.0449060 1.0526347 1.2617731 1.2882704 0.8716405 1.0289537 1.0689614 
Pelocetus_calvertensis     0.8734524 0.8857452 0.8657442 0.4079569 0.3227674 0.1192507 0.0000000 0.4852372 0.3755476 0.3398278 0.7205861 0.6017789 0.9730043 0.9542769 0.7130551 1.0608047 1.1210719 1.1381799 1.1493836 1.3411983 1.3119555 0.9253723 1.1442076 1.2670754 
Eschrichtius_robustus      1.2811122 0.9189538 0.9289514 0.8857452 0.7482847 0.5757521 0.4852372 0.0000000 0.3517707 0.3480062 0.5517138 1.0289537 1.0608047 1.0033107 0.9556787 0.9645440 0.8902558 0.9415540 0.9605663 1.1082109 1.1082109 0.8716405 0.9922730 0.9684381 
Megaptera_novaeangliae     1.5154414 0.9084481 1.0827358 0.7077927 0.6747342 0.4256880 0.3755476 0.3517707 0.0000000 0.1214833 0.7310335 0.9645440 1.0608047 1.1552453 0.9289514 0.8000778 0.9450118 1.0008987 0.9934486 1.1715325 1.1317696 0.9067842 0.9645440 1.0924541 
Balaenoptera_acutorostrata 1.2811122 0.9550291 0.9600109 0.7265325 0.5838185 0.3136231 0.3398278 0.3480062 0.1214833 0.0000000 0.6226787 0.8857452 1.0845593 1.0321486 0.9556787 0.8782601 1.1381799 1.2086443 1.2053972 1.1082109 1.1959038 0.8321074 1.1057258 1.2856221 
Caperea_marginata          1.5154414 1.2102103 1.1603112 1.2444715 0.9759858 0.7215499 0.7205861 0.5517138 0.7310335 0.6226787 0.0000000 0.4777883 0.5134884 0.4144266 0.4937530 0.6017789 0.5864411 0.6330489 0.6203671 0.6116410 0.6865978 0.6414060 0.5843161 0.6146658 
Morenocetus_parvus         1.1317696 1.0289537 1.1317696 1.1317696 1.0289537 0.6017789 0.6017789 1.0289537 0.9645440 0.8857452 0.4777883 0.0000000 0.2972291 0.3627651 0.2972291 0.3916697 0.3498782 0.4008106 0.4008106 0.4256880 0.3916697 0.3916697 0.5864411 0.3303461 
Balaenula_astensis         2.3445089 1.7039633 1.6215918 1.6025796 1.1819856 0.9268870 0.9730043 1.0608047 1.0608047 1.0845593 0.5134884 0.2972291 0.0000000 0.0000010 0.0711332 0.3719059 0.2509209 0.2684576 0.2737534 0.3361164 0.3105627 0.3676936 0.4450687 0.2972291 
Balaenula_balaenopsis      3.2431836 9.0000000 2.0352892 1.8075448 1.0608047 0.8800439 0.9542769 1.0033107 1.1552453 1.0321486 0.4144266 0.3627651 0.0000010 0.0000000 0.1104555 0.3498782 0.2340853 0.2615603 0.2679864 0.2972291 0.3185069 0.3661389 0.5060716 0.4144266 
Japanese_balaenula_sp.     2.6823965 1.5004110 1.4604490 1.5271512 0.9366084 0.7635756 0.7130551 0.9556787 0.9289514 0.9556787 0.4937530 0.2972291 0.0711332 0.1104555 0.0000000 0.2701997 0.1532690 0.1737873 0.1982989 0.3267017 0.2972291 0.3105627 0.2737534 0.2495971 
Eubalaena_belgica          1.7833885 1.2948901 1.2485102 1.0387770 1.1263407 0.9645440 1.0608047 0.9645440 0.8000778 0.8782601 0.6017789 0.3916697 0.3719059 0.3498782 0.2701997 0.0000000 0.0000010 0.0290727 0.0591965 0.3766543 0.4450687 0.4713616 0.2803935 0.3074962 
Eubalaena_glacialis        2.2261240 1.5809333 1.5921192 1.6855209 1.2816491 0.9907791 1.1210719 0.8902558 0.9450118 1.1381799 0.5864411 0.3498782 0.2509209 0.2340853 0.1532690 0.0000010 0.0000000 0.0349091 0.0358478 0.2633644 0.2633644 0.2876321 0.2074873 0.1806281 
Eubalaena_australis        2.4086431 1.8206684 1.8243803 1.7178525 1.3015082 1.0449060 1.1381799 0.9415540 1.0008987 1.2086443 0.6330489 0.4008106 0.2684576 0.2615603 0.1737873 0.0290727 0.0349091 0.0000000 0.0087413 0.2633644 0.2803935 0.3162414 0.2286974 0.2130998 
Eubalaena_japonica         2.7815231 1.8929121 1.8693014 1.7756124 1.3411983 1.0526347 1.1493836 0.9605663 0.9934486 1.2053972 0.6203671 0.4008106 0.2737534 0.2679864 0.1982989 0.0591965 0.0358478 0.0087413 0.0000000 0.2243944 0.3088302 0.2876321 0.2027885 0.1750596 
SDSNH_43880                9.0000000 3.0281831 2.7768371 1.8711889 1.1552453 1.2617731 1.3411983 1.1082109 1.1715325 1.1082109 0.6116410 0.4256880 0.3361164 0.2972291 0.3267017 0.3766543 0.2633644 0.2633644 0.2243944 0.0000000 0.1776610 0.0308677 0.0841049 0.0334493 
Balaenella_brachyrhynchus  2.8616560 2.3610111 2.3196315 1.9188209 1.5381889 1.2882704 1.3119555 1.1082109 1.1317696 1.1959038 0.6865978 0.3916697 0.3105627 0.3185069 0.2972291 0.4450687 0.2633644 0.2803935 0.3088302 0.1776610 0.0000000 0.1750596 0.2972291 0.1792595 
Balaena_montalionis        1.9892854 1.3967744 1.4931329 1.9188209 0.9523487 0.8716405 0.9253723 0.8716405 0.9067842 0.8321074 0.6414060 0.3916697 0.3676936 0.3661389 0.3105627 0.4713616 0.2876321 0.3162414 0.2876321 0.0308677 0.1750596 0.0000000 0.1418510 0.1125302 
Balaena_ricei              3.2431836 1.5405563 1.8166523 9.0000000 2.1841990 1.0289537 1.1442076 0.9922730 0.9645440 1.1057258 0.5843161 0.5864411 0.4450687 0.5060716 0.2737534 0.2803935 0.2074873 0.2286974 0.2027885 0.0841049 0.2972291 0.1418510 0.0000000 0.0841049 
Balaena_mysticetus         1.9920387 1.3949804 1.4668840 1.9581983 1.4053325 1.0689614 1.2670754 0.9684381 1.0924541 1.2856221 0.6146658 0.3303461 0.2972291 0.4144266 0.2495971 0.3074962 0.1806281 0.2130998 0.1750596 0.0334493 0.1792595 0.1125302 0.0841049 0.0000000 
