29
Tupaia            0.0000000 0.2734694 0.1927006 0.2197740 0.3027418 0.1940046 0.2920691 0.3719059 0.4908982 0.5864411 0.4981975 1.1293365 1.1453703 1.1425224 1.0726955 0.8489745 0.9265479 1.0608047 0.9195118 0.9495286 0.9998019 1.3541184 1.0858066 0.8572292 0.9319311 1.0957749 0.9991750 1.1213528 1.0975416 
Cynocephalus      0.2734694 0.0000000 0.2667379 0.2932259 0.2915794 0.3251647 0.3498782 0.5324228 0.5969712 0.7474979 0.4571383 1.1042089 1.0462554 0.9963950 0.9720291 0.7635756 0.7394193 0.9797327 0.8253323 0.9556787 0.9560646 1.3041551 1.0849610 0.8456090 1.0327122 1.1195950 1.0289537 0.9008716 0.9092445 
Erinaceus         0.1927006 0.2667379 0.0000000 0.2443228 0.2142043 0.3815276 0.5580796 0.6757752 0.8321074 0.9784332 0.6787567 1.4972079 1.4748171 1.5127416 1.2794416 0.9968756 1.0270733 1.5196549 0.7635756 1.0033107 1.1892636 1.2837042 1.1109871 0.6767921 1.2019865 1.1974739 0.8954289 0.9193068 0.8253323 
Sus               0.2197740 0.2932259 0.2443228 0.0000000 0.1792595 0.4611544 0.5271021 0.6570478 0.7857991 0.8197767 0.6379903 1.5978372 2.3234108 1.5421666 1.4053325 1.1844881 0.9807432 1.7093922 0.9849949 1.0775838 1.1176449 1.3028773 1.3986923 0.8253323 1.2816491 1.1210719 0.9482745 1.0608047 1.1039178 
Felis             0.3027418 0.2915794 0.2142043 0.1792595 0.0000000 0.3042615 0.4590258 0.7023236 0.6841505 0.7466259 0.6781118 1.2598329 1.4464430 1.2506701 1.3759255 1.0726955 0.9382260 1.1987334 1.0446055 1.1302017 1.1837265 1.2639826 1.3269529 0.8701034 1.1057258 1.2577954 1.0879442 0.9832294 1.1014632 
Onychonycteris    0.1940046 0.3251647 0.3815276 0.4611544 0.3042615 0.0000000 0.1499761 0.1859530 0.2893302 0.3303461 0.2899722 1.3411983 1.6406766 0.9982754 0.9332414 0.6226787 0.6351167 0.7200875 0.5313144 0.7002540 0.6605640 0.8347088 0.7857991 0.4981975 0.6017789 0.8580162 0.7002540 0.5744839 0.7635756 
Icaronycteris     0.2920691 0.3498782 0.5580796 0.5271021 0.4590258 0.1499761 0.0000000 0.1084561 0.2331697 0.2286974 0.2870870 1.0311573 1.1343819 0.8748518 0.7808773 0.4181122 0.5179093 0.7804112 0.4482119 0.7002540 0.5449387 0.7808773 0.6679293 0.4981975 0.5238405 0.5978666 0.7137269 0.5116749 0.6599942 
Archaeonycteris   0.3719059 0.5324228 0.6757752 0.6570478 0.7023236 0.1859530 0.1084561 0.0000000 0.1631205 0.1924889 0.2909869 0.8729025 1.1225614 0.8049064 0.6506210 0.3820480 0.3642567 0.6351167 0.4525721 0.6203671 0.5090909 0.6865978 0.6203671 0.4166300 0.4908982 0.7060816 0.6865978 0.5183760 0.6570478 
Hassianycteris    0.4908982 0.5969712 0.8321074 0.7857991 0.6841505 0.2893302 0.2331697 0.1631205 0.0000000 0.1011340 0.3096363 0.5969712 0.6638552 0.5830164 0.4342792 0.3138778 0.3088302 0.3996442 0.4087670 0.4256880 0.4605971 0.4605971 0.4342792 0.5271021 0.4170524 0.4432325 0.4981975 0.3798889 0.6068654 
Palaeochiropteryx 0.5864411 0.7474979 0.9784332 0.8197767 0.7466259 0.3303461 0.2286974 0.1924889 0.1011340 0.0000000 0.4108067 0.8489745 0.9289514 0.6595833 0.5158660 0.3251647 0.2604584 0.5068731 0.3526000 0.4053618 0.3719059 0.5068731 0.5123461 0.4777883 0.3443226 0.4326616 0.3840127 0.2731194 0.4575898 
Pteropodidae      0.4981975 0.4571383 0.6787567 0.6379903 0.6781118 0.2899722 0.2870870 0.2909869 0.3096363 0.4108067 0.0000000 0.8415140 0.7871992 0.7635756 0.6192621 0.5201286 0.4488837 0.7127616 0.5722636 0.7200875 0.5738434 0.7077927 0.7246883 0.6295979 0.5640722 0.6035853 0.7545011 0.5471779 0.6351167 
Rhinolophidae     1.1293365 1.1042089 1.4972079 1.5978372 1.2598329 1.3411983 1.0311573 0.8729025 0.5969712 0.8489745 0.8415140 0.0000000 0.0529278 0.2646517 0.5511654 0.5226160 0.5685810 0.4425919 0.7419294 0.6532827 0.7563813 0.7185196 0.8293993 0.7265325 0.7060816 0.7256328 0.8580162 0.7400262 0.7946351 
Hipposideridae    1.1453703 1.0462554 1.4748171 2.3234108 1.4464430 1.6406766 1.1343819 1.1225614 0.6638552 0.9289514 0.7871992 0.0529278 0.0000000 0.2972291 0.5134884 0.5372305 0.6116410 0.4808958 0.6643083 0.6782298 0.7477021 0.7540878 0.7456538 0.7936390 0.7635756 0.7553383 0.9155102 0.7474979 0.8293993 
Megadermatidae    1.1425224 0.9963950 1.5127416 1.5421666 1.2506701 0.9982754 0.8748518 0.8049064 0.5830164 0.6595833 0.7635756 0.2646517 0.2972291 0.0000000 0.4573947 0.4192900 0.4914206 0.3079912 0.5804523 0.6017789 0.5766598 0.6674832 0.7102850 0.6993236 0.6017789 0.6694090 0.7724884 0.6694090 0.6995327 
Craseonycteridae  1.0726955 0.9720291 1.2794416 1.4053325 1.3759255 0.9332414 0.7808773 0.6506210 0.4342792 0.5158660 0.6192621 0.5511654 0.5134884 0.4573947 0.0000000 0.2491902 0.3908701 0.4653781 0.5697237 0.5750625 0.5333645 0.6223938 0.7060816 0.6369789 0.6793919 0.6223938 0.6712303 0.5611205 0.6471073 
Rhinopomatidae    0.8489745 0.7635756 0.9968756 1.1844881 1.0726955 0.6226787 0.4181122 0.3820480 0.3138778 0.3251647 0.5201286 0.5226160 0.5372305 0.4192900 0.2491902 0.0000000 0.4060793 0.5158660 0.6420670 0.6694090 0.6570478 0.7109265 0.6620008 0.6146658 0.6153600 0.6438200 0.7381067 0.6336299 0.6251366 
Emballonuridae    0.9265479 0.7394193 1.0270733 0.9807432 0.9382260 0.6351167 0.5179093 0.3642567 0.3088302 0.2604584 0.4488837 0.5685810 0.6116410 0.4914206 0.3908701 0.4060793 0.0000000 0.4224072 0.4814831 0.4954638 0.4414415 0.6314896 0.6321083 0.4929288 0.4614397 0.5910222 0.4627312 0.4290825 0.4590258 
Nycteridae        1.0608047 0.9797327 1.5196549 1.7093922 1.1987334 0.7200875 0.7804112 0.6351167 0.3996442 0.5068731 0.7127616 0.4425919 0.4808958 0.3079912 0.4653781 0.5158660 0.4224072 0.0000000 0.6052059 0.5965742 0.5626072 0.5764070 0.6532827 0.7094049 0.6040799 0.6407379 0.7377560 0.6736681 0.7047276 
Phyllostomidae    0.9195118 0.8253323 0.7635756 0.9849949 1.0446055 0.5313144 0.4482119 0.4525721 0.4087670 0.3526000 0.5722636 0.7419294 0.6643083 0.5804523 0.5697237 0.6420670 0.4814831 0.6052059 0.0000000 0.1776610 0.2172719 0.5393017 0.4748251 0.3273035 0.5570455 0.5706657 0.4023765 0.4163246 0.5406996 
Mormoopidae       0.9495286 0.9556787 1.0033107 1.0775838 1.1302017 0.7002540 0.7002540 0.6203671 0.4256880 0.4053618 0.7200875 0.6532827 0.6782298 0.6017789 0.5750625 0.6694090 0.4954638 0.5965742 0.1776610 0.0000000 0.2567025 0.4018769 0.4396062 0.3858080 0.5104312 0.4835344 0.4176169 0.4469206 0.5806585 
Noctilionidae     0.9998019 0.9560646 1.1892636 1.1176449 1.1837265 0.6605640 0.5449387 0.5090909 0.4605971 0.3719059 0.5738434 0.7563813 0.7477021 0.5766598 0.5333645 0.6570478 0.4414415 0.5626072 0.2172719 0.2567025 0.0000000 0.5097222 0.5426525 0.3822343 0.5840084 0.5449387 0.4373432 0.4224072 0.4917292 
Furipteridae      1.3541184 1.3041551 1.2837042 1.3028773 1.2639826 0.8347088 0.7808773 0.6865978 0.4605971 0.5068731 0.7077927 0.7185196 0.7540878 0.6674832 0.6223938 0.7109265 0.6314896 0.5764070 0.5393017 0.4018769 0.5097222 0.0000000 0.1921952 0.5116749 0.3191602 0.1542854 0.3894504 0.3515651 0.4929288 
Thyropteridae     1.0858066 1.0849610 1.1109871 1.3986923 1.3269529 0.7857991 0.6679293 0.6203671 0.4342792 0.5123461 0.7246883 0.8293993 0.7456538 0.7102850 0.7060816 0.6620008 0.6321083 0.6532827 0.4748251 0.4396062 0.5426525 0.1921952 0.0000000 0.5420519 0.2225523 0.2883480 0.4131565 0.3440625 0.5130877 
Mystacinidae      0.8572292 0.8456090 0.6767921 0.8253323 0.8701034 0.4981975 0.4981975 0.4166300 0.5271021 0.4777883 0.6295979 0.7265325 0.7936390 0.6993236 0.6369789 0.6146658 0.4929288 0.7094049 0.3273035 0.3858080 0.3822343 0.5116749 0.5420519 0.0000000 0.5246361 0.5065337 0.3931636 0.2972291 0.3229308 
Myzopodidae       0.9319311 1.0327122 1.2019865 1.2816491 1.1057258 0.6017789 0.5238405 0.4908982 0.4170524 0.3443226 0.5640722 0.7060816 0.7635756 0.6017789 0.6793919 0.6153600 0.4614397 0.6040799 0.5570455 0.5104312 0.5840084 0.3191602 0.2225523 0.5246361 0.0000000 0.3303461 0.4519369 0.3061313 0.5170378 
Natalidae         1.0957749 1.1195950 1.1974739 1.1210719 1.2577954 0.8580162 0.5978666 0.7060816 0.4432325 0.4326616 0.6035853 0.7256328 0.7553383 0.6694090 0.6223938 0.6438200 0.5910222 0.6407379 0.5706657 0.4835344 0.5449387 0.1542854 0.2883480 0.5065337 0.3303461 0.0000000 0.3822343 0.3137313 0.3916697 
Minopteridae      0.9991750 1.0289537 0.8954289 0.9482745 1.0879442 0.7002540 0.7137269 0.6865978 0.4981975 0.3840127 0.7545011 0.8580162 0.9155102 0.7724884 0.6712303 0.7381067 0.4627312 0.7377560 0.4023765 0.4176169 0.4373432 0.3894504 0.4131565 0.3931636 0.4519369 0.3822343 0.0000000 0.1173812 0.2709940 
Vespertilionidae  1.1213528 0.9008716 0.9193068 1.0608047 0.9832294 0.5744839 0.5116749 0.5183760 0.3798889 0.2731194 0.5471779 0.7400262 0.7474979 0.6694090 0.5611205 0.6336299 0.4290825 0.6736681 0.4163246 0.4469206 0.4224072 0.3515651 0.3440625 0.2972291 0.3061313 0.3137313 0.1173812 0.0000000 0.2317452 
Molossidae        1.0975416 0.9092445 0.8253323 1.1039178 1.1014632 0.7635756 0.6599942 0.6570478 0.6068654 0.4575898 0.6351167 0.7946351 0.8293993 0.6995327 0.6471073 0.6251366 0.4590258 0.7047276 0.5406996 0.5806585 0.4917292 0.4929288 0.5130877 0.3229308 0.5170378 0.3916697 0.2709940 0.2317452 0.0000000 
