69
Nanolestes     0.0000000 0.2440196 0.4713616 0.5864411 0.6440653 0.6873804 0.7176925 0.5006449 0.3589858 0.7086106 0.5735675 0.5678760 0.7795505 0.4417142 1.2485102 1.6215918 0.6471073 1.3411983 0.9040945 0.9867429 1.1739727 0.9645440 0.6203671 0.6627818 0.8657442 0.7002540 0.7002540 0.5369642 0.6129523 0.6216211 0.6216211 1.0713757 0.9849949 0.7060816 0.9888176 0.9219453 1.1206211 1.1493836 1.0274670 0.9523487 1.0033107 1.1480302 0.7507876 0.7912024 0.9600109 1.0892975 1.0879442 1.1298626 0.9219453 1.3226790 1.1864340 1.2139676 1.6625837 1.9892854 1.1739727 1.3823589 1.1786478 1.0839187 0.9550291 0.7512904 0.7150182 0.8130951 0.8049064 0.9020147 1.2906777 1.5421666 0.8049064 1.1381799 0.8253323 
Peramus        0.2440196 0.0000000 0.3806320 0.3743898 0.5060716 0.7635756 0.7422979 0.2899722 0.3005736 0.7109265 0.3939985 0.3350190 0.6407379 0.3627651 0.7875007 1.1669551 0.6471073 0.9155102 0.8942777 0.7918269 0.8369367 0.6708876 0.4960762 0.6249167 0.5403176 0.5797350 0.5905428 0.4733200 0.6146658 0.5283819 0.4863208 0.7456538 0.7507876 0.4981975 0.9888176 0.6605640 0.6968734 0.7120128 0.7208312 0.7162443 0.7875007 0.9027873 0.6532827 0.7159436 0.7415479 0.8716405 1.0129447 1.0274670 0.7525864 0.9976609 1.0085683 1.0085683 1.2645158 1.4972079 1.1892636 1.2062238 0.9645440 1.0471804 0.8390039 0.5210300 0.4839359 0.7100240 0.7321253 1.1798776 1.3411983 1.4370894 0.9645440 1.2906777 0.8748518 
Vincelestes    0.4713616 0.3806320 0.0000000 0.4917292 0.4532387 0.5389507 0.5360418 0.4817315 0.5269281 0.9401123 0.7373954 0.5449387 0.8068130 0.8023423 0.7433317 1.0471804 0.8990081 0.8990081 1.3411983 0.7191601 0.8456090 0.6959710 0.5974649 0.6744322 0.7635756 0.6824305 0.7195771 0.5328445 0.6630171 0.6105033 0.5999312 0.7889583 0.8005093 0.8604588 1.1819856 0.7106077 0.7683787 0.9219453 0.7814718 0.8068130 0.8122682 0.9849949 0.5723760 0.5543344 0.7505205 0.7050721 0.7525217 0.7556516 0.8503592 0.7876543 0.7870513 0.8961295 0.9421211 0.8664458 0.9335807 0.8805401 0.8716405 0.8180273 0.8577313 0.7528993 0.7237803 0.8657442 0.7782963 0.9498377 1.0545443 0.8954289 0.9294100 0.7396046 0.7007844 
Kielantherium  0.5864411 0.3743898 0.4917292 0.0000000 0.3321993 0.6351167 0.7808773 0.3162414 0.2972291 0.3661389 0.3806320 0.4981975 0.5613506 0.5060716 0.5183760 0.6931111 0.6471073 0.6605640 1.0387770 0.7808773 0.7813699 0.8253323 0.4417142 0.7466259 0.5626072 0.4095063 0.3996442 0.4338983 0.5662846 0.4981975 0.4823441 0.5019316 0.6798933 0.4450687 0.9888176 0.6627818 0.7295573 0.5849007 0.7295573 0.8430008 0.8782601 0.8818842 0.7456538 0.5728743 0.8594667 1.0033107 1.1216837 1.2717136 0.8782601 1.1176449 1.0502114 1.0827358 1.4246011 2.1374578 1.5859992 1.6790859 1.3411983 1.0198129 0.9308012 0.6281432 0.5918680 0.5728743 0.8657442 0.8483945 1.0949781 1.6215918 2.6823965 9.0000000 9.0000000 
Deltatheridium 0.6440653 0.5060716 0.4532387 0.3321993 0.0000000 0.2141426 0.2349370 0.4332295 0.3664731 0.2850040 0.4421902 0.4432325 0.5369642 0.7635756 0.5626072 0.6570478 0.4777883 0.5449387 0.7321253 0.6017789 0.6751535 0.6097662 0.4064859 0.5694417 0.5607871 0.4794701 0.4567862 0.4228584 0.4962898 0.4817315 0.4653225 0.4196053 0.5984808 0.8197767 0.7635756 0.6546222 0.6826807 0.7310335 0.6121837 0.6326657 0.6923071 0.7505205 0.4594940 0.4579691 0.5521930 0.5640722 0.6488911 0.5855284 0.6883366 0.6907643 0.7126433 0.7583180 1.0439691 0.8627022 0.8347088 0.9046523 1.0483667 0.7971372 0.7794156 0.6430580 0.5754610 0.6897811 0.7137269 0.9067842 0.9625954 1.2352356 0.5027251 0.6121267 0.5992689 
Mayulestes     0.6873804 0.7635756 0.5389507 0.6351167 0.2141426 0.0000000 0.0866720 0.4150722 0.4292800 0.4070653 0.4144266 0.3451657 0.4438047 0.4863208 0.5801139 0.4981975 0.3787272 0.4877735 0.4539393 0.4692140 0.5263851 0.4945978 0.4256880 0.5905428 0.5217174 0.4743637 0.5238405 0.4283893 0.5080595 0.4966529 0.4533761 0.4308964 0.5967806 0.8173577 0.5090909 0.6629900 0.6418644 0.6609404 0.5626072 0.5489133 0.5175890 0.5263851 0.5031172 0.4716600 0.5563707 0.5351968 0.6358681 0.5670985 0.5731303 0.5900186 0.5857528 0.6027973 0.9056189 0.7593203 0.7382786 0.8010151 0.8926386 0.6225556 0.6736681 0.5900607 0.6325467 0.6564171 0.5859598 0.8137580 0.8608966 0.7580385 0.5399153 0.6416655 0.5113904 
Pucadelphys    0.7176925 0.7422979 0.5360418 0.7808773 0.2349370 0.0866720 0.0000000 0.4484759 0.5021027 0.5256080 0.5048435 0.5449387 0.4548285 0.4695578 0.4948123 0.4356682 0.3787272 0.4777883 0.2972291 0.4413748 0.4981975 0.4713616 0.5060716 0.5463037 0.5333645 0.5690756 0.6146658 0.5331102 0.5533117 0.5315303 0.4822668 0.4687083 0.5858599 0.7635756 0.5090909 0.6620008 0.6333284 0.6414060 0.5715073 0.6230567 0.5635576 0.5570455 0.4958416 0.4848306 0.5583080 0.5696290 0.6274039 0.5823982 0.5678760 0.6045937 0.6118560 0.6596749 0.8552430 0.7635756 0.7675533 0.7784128 0.7529598 0.6240644 0.6895312 0.6576311 0.6274714 0.7174973 0.5957242 0.8059250 0.8129446 0.8483945 0.5710867 0.6620008 0.5378790 
Eomaia         0.5006449 0.2899722 0.4817315 0.3162414 0.4332295 0.4150722 0.4484759 0.0000000 0.0971974 0.2477096 0.2567025 0.2426642 0.3698792 0.2537410 0.4486780 0.5944582 0.3627651 0.6691350 0.5204871 0.5626072 0.4954638 0.4201509 0.4408400 0.3576230 0.4184100 0.3443226 0.3074962 0.2202514 0.3275355 0.2435395 0.2256430 0.4184100 0.5121476 0.4817315 0.3916697 0.5278566 0.5337841 0.5794562 0.5383337 0.6097662 0.6017789 0.6703107 0.4663465 0.5170378 0.5714726 0.7419294 0.7356400 0.7635756 0.6616850 0.7162443 0.7411527 0.8144389 1.0216841 0.8552430 0.8999956 0.9936543 0.9302926 0.7954266 0.7789607 0.6017789 0.4124075 0.6322701 0.5922429 0.7482847 1.0608047 1.0053407 0.8321074 0.6857990 0.6443249 
Prokennalestes 0.3589858 0.3005736 0.5269281 0.2972291 0.3664731 0.4292800 0.5021027 0.0971974 0.0000000 0.1303768 0.2659972 0.2243944 0.3801704 0.2786410 0.5750625 0.8347088 0.3129036 0.7635756 0.6170001 0.4814071 0.4740745 0.4098522 0.3443226 0.4321731 0.4375930 0.2933977 0.2532541 0.1831040 0.3473095 0.3231379 0.3144119 0.4189403 0.4680374 0.3547232 0.6017789 0.5183760 0.5980406 0.6480871 0.5651917 0.5984808 0.5961057 0.6857990 0.5251945 0.5245399 0.6654231 0.7054125 0.7710945 0.8321074 0.6420670 0.9242135 0.9450118 0.9822125 1.1118411 0.8350480 0.8627917 0.9962184 0.9482745 0.8106100 0.6980397 0.5449387 0.4301444 0.5932726 0.5984808 0.8600053 1.0050378 1.1637633 0.6824305 0.7489980 0.5626072 
Murtoilestes   0.7086106 0.7109265 0.9401123 0.3661389 0.2850040 0.4070653 0.5256080 0.2477096 0.1303768 0.0000000 0.2378216 0.0918360 0.4554531 0.3129036 0.5658021 0.6787567 0.4008106 0.7200875 0.5570455 0.8768720 0.8078338 0.8130951 0.4356682 0.6815422 0.5183760 0.2721016 0.2529709 0.2909869 0.3535710 0.4161641 0.4161641 0.4060793 0.5718953 0.2803935 0.6471073 0.8545750 0.8545750 0.6815422 0.7023236 0.6017789 0.7419294 0.7215499 0.8078338 0.7635756 0.7635756 0.8545750 1.0129447 1.0369367 0.8078338 1.0233920 1.1014632 1.2485102 1.1458643 1.2019865 0.9849949 1.2717136 1.2670754 1.0129447 1.1552453 0.6570478 0.5963500 0.5517138 1.3411983 0.8173577 1.3759255 1.4604490 0.7635756 0.7635756 9.0000000 
Bobolestes     0.5735675 0.3939985 0.7373954 0.3806320 0.4421902 0.4144266 0.5048435 0.2567025 0.2659972 0.2378216 0.0000000 0.1532690 0.3093554 0.1750596 0.3670374 0.3862329 0.3129036 0.4008106 0.3443226 0.4557755 0.4379884 0.4796880 0.2181320 0.3936328 0.2498978 0.2258105 0.2526552 0.2600759 0.3435704 0.2902556 0.2659972 0.2661696 0.4199802 0.2818441 0.6017789 0.4600572 0.5028487 0.3405801 0.3520334 0.4191776 0.5607871 0.5776227 0.5204871 0.4501996 0.4663465 0.5527452 0.6075660 0.5830164 0.5527452 0.7635756 0.7373954 0.7635756 1.0129447 1.3856532 1.1141089 1.3213561 1.1014632 0.6377087 0.6634554 0.4085053 0.2837759 0.5028487 1.0608047 0.8078338 1.1607580 1.6340298 0.9450118 9.0000000 1.1176449 
Montanalestes  0.5678760 0.3350190 0.5449387 0.4981975 0.4432325 0.3451657 0.5449387 0.2426642 0.2243944 0.0918360 0.1532690 0.0000000 0.3213854 0.2737534 0.3719059 0.2972291 0.3787272 0.5905428 0.4623240 0.5531625 0.5217174 0.4863208 0.2610789 0.3743898 0.1609261 0.1452945 0.2426642 0.2415291 0.2584624 0.2286974 0.1959331 0.2364735 0.3916697 0.3916697 0.7060816 0.4981975 0.5697237 0.3936328 0.4170524 0.3840127 0.2415291 0.2779728 0.4256880 0.4156477 0.5383337 0.6161334 0.5570455 0.5313144 0.5750625 0.6017789 0.8811411 1.0979396 0.9645440 0.9822125 0.7023236 0.8990081 0.8360851 0.8035833 0.8483945 0.4702619 0.3676936 0.4981975 1.0198129 1.0263962 1.0387770 1.2086443 0.8513760 1.0608047 0.9822125 
Paranyctoides  0.7795505 0.6407379 0.8068130 0.5613506 0.5369642 0.4438047 0.4548285 0.3698792 0.3801704 0.4554531 0.3093554 0.3213854 0.0000000 0.1192507 0.3138778 0.2972291 0.1418510 0.3025767 0.2803935 0.2972291 0.3589858 0.3303461 0.2600759 0.4713616 0.2774026 0.2803935 0.2726774 0.2667379 0.3454980 0.3751675 0.3475930 0.3303461 0.4438047 0.2286974 0.4256880 0.4557755 0.5283819 0.3203431 0.3344932 0.3701119 0.5054056 0.4465224 0.4317487 0.5204871 0.4676633 0.6203671 0.7635756 0.7774263 0.3475930 0.6433676 0.6247162 0.6592730 0.8824207 1.1968052 1.1176449 0.9415540 0.8382524 0.6458869 0.5950449 0.5794562 0.5123461 0.6146658 0.5238405 0.6266564 0.9542769 1.3411983 0.6841505 1.4804100 1.1552453 
Eozhelestes    0.4417142 0.3627651 0.8023423 0.5060716 0.7635756 0.4863208 0.4695578 0.2537410 0.2786410 0.3129036 0.1750596 0.2737534 0.1192507 0.0000000 0.0918360 0.1653758 0.1950605 0.4256880 0.2286974 0.2671657 0.2537410 0.2286974 0.3676936 0.4695578 0.3378876 0.3267017 0.3627651 0.3945317 0.4256880 0.4256880 0.3162414 0.3627651 0.5043628 0.2364735 0.5090909 0.4562725 0.5864411 0.3088302 0.3969495 0.4733200 0.2671657 0.3498782 0.5449387 0.6627818 0.4108067 0.3969495 0.4863208 0.4863208 0.3806320 0.5333645 0.6281432 0.5929136 0.9040945 0.9155102 1.0129447 0.7635756 0.7150182 0.6506210 0.4623240 0.6017789 0.2864763 0.3945317 0.4981975 0.5043628 0.6097662 0.9495286 0.5449387 2.2567085 1.0608047 
Sheikhdzheilia 1.2485102 0.7875007 0.7433317 0.5183760 0.5626072 0.5801139 0.4948123 0.4486780 0.5750625 0.5658021 0.3670374 0.3719059 0.3138778 0.0918360 0.0000000 0.1785455 0.0490338 0.2721016 0.3074962 0.3531785 0.3185069 0.3033045 0.3198549 0.4948123 0.2917526 0.3670374 0.2972291 0.3743898 0.4590258 0.4256880 0.4008106 0.2684576 0.3243171 0.1631205 0.3162414 0.3081225 0.3081225 0.2448009 0.2813891 0.3766543 0.4605971 0.4948123 0.5449387 0.4877735 0.3695771 0.5626072 0.6422545 0.6910661 0.4682143 0.5388560 0.5570455 0.6669424 0.6161334 0.9475655 1.0471804 0.8617281 0.7635756 0.6725762 0.5271021 0.6698440 0.3996442 0.5158660 0.4256880 0.6787567 0.9888176 1.0347609 0.7635756 1.9188209 1.3411983 
Alostera       1.6215918 1.1669551 1.0471804 0.6931111 0.6570478 0.4981975 0.4356682 0.5944582 0.8347088 0.6787567 0.3862329 0.2972291 0.2972291 0.1653758 0.1785455 0.0000000 0.0515628 0.1567102 0.1792595 0.1303768 0.1303768 0.1268265 0.3303461 0.5183760 0.3231379 0.4571383 0.4356682 0.4981975 0.5060716 0.5806585 0.5806585 0.3037481 0.2779728 0.0543671 0.2584624 0.3578211 0.3578211 0.1750596 0.1931680 0.1567102 0.2240113 0.2426642 0.3231379 0.3303461 0.1931680 0.3231379 0.3969495 0.5060716 0.2426642 0.2529709 0.2779728 0.3540693 0.4049830 0.6351167 0.8513760 0.7109265 0.6295979 0.4981975 0.3862329 0.7875007 0.4362367 0.5238405 1.3411983 0.6146658 0.8173577 0.7635756 0.7635756 0.7635756 9.0000000 
Lainodon       0.6471073 0.6471073 0.8990081 0.6471073 0.4777883 0.3787272 0.3787272 0.3627651 0.3129036 0.4008106 0.3129036 0.3787272 0.1418510 0.1950605 0.0490338 0.0515628 0.0000000 0.2519007 0.3129036 0.3129036 0.2653781 0.2519007 0.3303461 0.5283819 0.2803935 0.3303461 0.4008106 0.3787272 0.3787272 0.4501996 0.4008106 0.1567102 0.3303461 0.1011340 0.2162593 0.1950605 0.1950605 0.2162593 0.2051109 0.2051109 0.2162593 0.3303461 0.3129036 0.3129036 0.4777883 0.5626072 0.4008106 0.4501996 0.2519007 0.4501996 0.6351167 0.6931111 0.5238405 0.7635756 0.5238405 0.5238405 0.3627651 0.2519007 0.3303461 0.7635756 0.3303461 0.4777883 0.7635756 0.4777883 0.5626072 0.7635756 0.7635756 0.7635756 9.0000000 
Avitotherium   1.3411983 0.9155102 0.8990081 0.6605640 0.5449387 0.4877735 0.4777883 0.6691350 0.7635756 0.7200875 0.4008106 0.5905428 0.3025767 0.4256880 0.2721016 0.1567102 0.2519007 0.0000000 0.1192507 0.2208787 0.2537410 0.2461348 0.2917526 0.4174371 0.3081225 0.4432325 0.3599725 0.4087670 0.4849346 0.5158660 0.4877735 0.2917526 0.3198549 0.3661389 0.2162593 0.3670374 0.4079569 0.2162593 0.2016471 0.2286974 0.3303461 0.3569205 0.2701997 0.3916697 0.2607269 0.3840127 0.5506991 0.4948123 0.3366065 0.2913948 0.2857873 0.3719059 0.5449387 0.8800439 0.9922730 0.8701034 0.6873804 0.5969712 0.2857873 0.5969712 0.3900320 0.5204871 1.9188209 0.7866186 0.9888176 1.0198129 0.7635756 1.3411983 9.0000000 
Gallolestes    0.9040945 0.8942777 1.3411983 1.0387770 0.7321253 0.4539393 0.2972291 0.5204871 0.6170001 0.5570455 0.3443226 0.4623240 0.2803935 0.2286974 0.3074962 0.1792595 0.3129036 0.1192507 0.0000000 0.2803935 0.3237800 0.2786410 0.3443226 0.4393495 0.2972291 0.5648998 0.3969495 0.4256880 0.5090909 0.5648998 0.5158660 0.4733200 0.4695578 0.3412276 0.2803935 0.5158660 0.5553991 0.3064373 0.2223035 0.4393495 0.3840127 0.3990191 0.6725762 0.8285436 0.2972291 0.4695578 0.5263851 0.4539393 0.3605507 0.3605507 0.4256880 0.5238405 0.7635756 0.8000778 0.6931111 0.8360851 0.6570478 0.5944582 0.4695578 0.6170001 0.3498782 0.5348782 1.9188209 0.6627818 0.8990081 1.0033107 1.3411983 1.3411983 9.0000000 
Parazhelestes  0.9867429 0.7918269 0.7191601 0.7808773 0.6017789 0.4692140 0.4413748 0.5626072 0.4814071 0.8768720 0.4557755 0.5531625 0.2972291 0.2671657 0.3531785 0.1303768 0.3129036 0.2208787 0.2803935 0.0000000 0.0605410 0.0381746 0.3897850 0.4575898 0.4140734 0.4073723 0.4635733 0.3552856 0.4101837 0.4981975 0.4932355 0.4256880 0.3886449 0.4663465 0.2803935 0.4297531 0.4790396 0.2836048 0.3483699 0.3547232 0.3858080 0.3882285 0.4256880 0.5598645 0.3933663 0.3902217 0.5337841 0.4877735 0.3909608 0.5035835 0.4597934 0.5191191 0.6458869 0.7208312 0.7531371 0.6634554 0.6595833 0.7543674 0.5137205 0.6570478 0.5634580 0.5645365 0.5449387 0.6841505 0.6830120 0.8724258 0.5299906 0.6256469 0.4539393 
Aspanlestes    1.1739727 0.8369367 0.8456090 0.7813699 0.6751535 0.5263851 0.4981975 0.4954638 0.4740745 0.8078338 0.4379884 0.5217174 0.3589858 0.2537410 0.3185069 0.1303768 0.2653781 0.2537410 0.3237800 0.0605410 0.0000000 0.0313517 0.4426954 0.4545688 0.4510385 0.4519369 0.5405795 0.4065850 0.4338983 0.5815077 0.6063161 0.4404377 0.4042644 0.2876321 0.3719059 0.4087670 0.4581898 0.3154647 0.3594538 0.3826280 0.3670374 0.3648337 0.5039469 0.5899079 0.4207424 0.4513311 0.6063161 0.5229801 0.3695771 0.5134884 0.5090909 0.5697237 0.6017789 0.6757752 0.7208312 0.6570478 0.6654231 0.7442697 0.5296944 0.7150182 0.6492413 0.6243639 0.4898222 0.8197767 0.7345591 0.9263329 0.4937530 0.6017789 0.4817315 
Zhelestes      0.9645440 0.6708876 0.6959710 0.8253323 0.6097662 0.4945978 0.4713616 0.4201509 0.4098522 0.8130951 0.4796880 0.4863208 0.3303461 0.2286974 0.3033045 0.1268265 0.2519007 0.2461348 0.2786410 0.0381746 0.0313517 0.0000000 0.4001236 0.3513287 0.3999459 0.4539393 0.5496424 0.3431123 0.3676936 0.4981975 0.4733200 0.4181122 0.3956160 0.3064373 0.3498782 0.3773113 0.4013554 0.2629307 0.3688074 0.3581747 0.3482929 0.3447787 0.4552270 0.5565871 0.4623240 0.4373432 0.5834706 0.5084365 0.4072507 0.4559159 0.4789412 0.5116749 0.5405795 0.6146658 0.6409442 0.5489133 0.5894432 0.6950439 0.5645365 0.6541751 0.5564420 0.5742282 0.6106051 0.7442697 0.7546310 0.8008026 0.5393017 0.6063161 0.4362367 
Cimolestes     0.6203671 0.4960762 0.5974649 0.4417142 0.4064859 0.4256880 0.5060716 0.4408400 0.3443226 0.4356682 0.2181320 0.2610789 0.2600759 0.3676936 0.3198549 0.3303461 0.3303461 0.2917526 0.3443226 0.3897850 0.4426954 0.4001236 0.0000000 0.2717429 0.1640794 0.2089113 0.1999589 0.2227825 0.2397351 0.2416798 0.2249991 0.2254548 0.4166300 0.4501996 0.6471073 0.4743637 0.4424390 0.3074962 0.3220572 0.2972291 0.3941527 0.4256880 0.3449146 0.4566376 0.3544837 0.4575898 0.5742282 0.5169249 0.4373432 0.5750625 0.5587895 0.5911133 0.7758008 0.9724869 0.7956995 0.8419331 0.8210697 0.6738834 0.6661196 0.4708551 0.2313598 0.4708551 0.8130951 0.8343251 0.9232985 1.0425336 0.6654231 0.9155102 0.7635756 
Maelestes      0.6627818 0.6249167 0.6744322 0.7466259 0.5694417 0.5905428 0.5463037 0.3576230 0.4321731 0.6815422 0.3936328 0.3743898 0.4713616 0.4695578 0.4948123 0.5183760 0.5283819 0.4174371 0.4393495 0.4575898 0.4545688 0.3513287 0.2717429 0.0000000 0.2419603 0.4197987 0.3905951 0.2606298 0.2172436 0.2771047 0.2516804 0.4256880 0.3578211 0.4144266 0.4256880 0.3366894 0.3462629 0.4065850 0.4432325 0.5173554 0.4353220 0.4676633 0.4233273 0.5094844 0.4642305 0.5622754 0.5806585 0.6332659 0.5502061 0.5926734 0.6668062 0.7209123 0.9268870 0.7948945 0.7299495 0.8678782 0.8008026 0.5700811 0.5477004 0.4883742 0.3771895 0.5209114 0.6833658 0.8305332 0.9179380 0.9236404 0.6203671 0.7175718 0.5693307 
Batodon        0.8657442 0.5403176 0.7635756 0.5626072 0.5607871 0.5217174 0.5333645 0.4184100 0.4375930 0.5183760 0.2498978 0.1609261 0.2774026 0.3378876 0.2917526 0.3231379 0.2803935 0.3081225 0.2972291 0.4140734 0.4510385 0.3999459 0.1640794 0.2419603 0.0000000 0.2169532 0.2197740 0.2782458 0.2797337 0.2899722 0.2756452 0.2714981 0.3361164 0.3969495 0.4539393 0.4256880 0.4812642 0.2855376 0.3008445 0.3398278 0.4085053 0.4045898 0.4567862 0.3960289 0.4486780 0.5987208 0.7389433 0.8040148 0.4911979 0.7350014 0.5922429 0.6975781 0.8467009 1.2984538 1.0249569 1.1066879 0.9339782 0.7362508 0.6592730 0.4256880 0.3099305 0.4743637 0.6203671 0.8424989 1.0608047 1.4972079 0.6725762 1.9188209 0.9645440 
Bulaklestes    0.7002540 0.5797350 0.6824305 0.4095063 0.4794701 0.4743637 0.5690756 0.3443226 0.2933977 0.2721016 0.2258105 0.1452945 0.2803935 0.3267017 0.3670374 0.4571383 0.3303461 0.4432325 0.5648998 0.4073723 0.4519369 0.4539393 0.2089113 0.4197987 0.2169532 0.0000000 0.1037608 0.1078056 0.1838080 0.1859530 0.1859530 0.2638913 0.3617775 0.4695578 0.6471073 0.5616477 0.6377087 0.4067478 0.4140734 0.3661389 0.4623240 0.5068731 0.4721808 0.4450687 0.5006449 0.5204871 0.5987208 0.7356400 0.5408133 0.7635756 0.6592730 0.7356400 0.9319311 1.1343819 1.0417199 1.1293365 0.9712554 0.7780687 0.8405534 0.5449387 0.3471987 0.5283819 0.5449387 0.7791524 0.9807432 1.4338863 0.7635756 1.3411983 1.0608047 
Daulestes      0.7002540 0.5905428 0.7195771 0.3996442 0.4567862 0.5238405 0.6146658 0.3074962 0.2532541 0.2529709 0.2526552 0.2426642 0.2726774 0.3627651 0.2972291 0.4356682 0.4008106 0.3599725 0.3969495 0.4635733 0.5405795 0.5496424 0.1999589 0.3905951 0.2197740 0.1037608 0.0000000 0.0344086 0.1771345 0.1700795 0.1700795 0.2972291 0.3826280 0.4917292 0.5449387 0.6084904 0.6686221 0.4450687 0.4812642 0.3928754 0.5984808 0.5662846 0.5191191 0.5365282 0.5491298 0.6725762 0.8049064 0.8857452 0.6116410 0.7635756 0.6824305 0.8089040 0.9770913 1.1696549 1.2127394 1.0902773 0.9202858 0.8253323 0.7946351 0.5360418 0.3368842 0.4852372 0.6725762 0.8792726 1.0694553 1.4571256 0.7635756 1.3411983 1.3411983 
Uchkudukodon   0.5369642 0.4733200 0.5328445 0.4338983 0.4228584 0.4283893 0.5331102 0.2202514 0.1831040 0.2909869 0.2600759 0.2415291 0.2667379 0.3945317 0.3743898 0.4981975 0.3787272 0.4087670 0.4256880 0.3552856 0.4065850 0.3431123 0.2227825 0.2606298 0.2782458 0.1078056 0.0344086 0.0000000 0.1413888 0.1432085 0.1535954 0.3719059 0.2799275 0.4256880 0.5090909 0.3595532 0.3797553 0.4256880 0.4023765 0.4256880 0.4917292 0.5704076 0.4199802 0.4525721 0.4283504 0.4674941 0.6245076 0.6116410 0.5580796 0.5646670 0.6221715 0.7301636 0.8961295 0.7094049 0.7333425 0.7498012 0.8321074 0.5823982 0.6298190 0.4508662 0.3431123 0.5229110 0.4105016 0.6968734 0.7990420 1.0333297 0.5718953 0.5996504 0.4212197 
Kennalestes    0.6129523 0.6146658 0.6630171 0.5662846 0.4962898 0.5080595 0.5533117 0.3275355 0.3473095 0.3535710 0.3435704 0.2584624 0.3454980 0.4256880 0.4590258 0.5060716 0.3787272 0.4849346 0.5090909 0.4101837 0.4338983 0.3676936 0.2397351 0.2172436 0.2797337 0.1838080 0.1771345 0.1413888 0.0000000 0.0782990 0.0895105 0.2567025 0.2931341 0.5128320 0.5090909 0.3090002 0.3292160 0.3222310 0.3468747 0.4201509 0.3433948 0.4313763 0.4280454 0.4892351 0.4051108 0.4838512 0.5169249 0.5556063 0.4733200 0.5331426 0.5609369 0.6414060 0.8768720 0.6847768 0.7238856 0.8209231 0.9095790 0.5802309 0.6039604 0.4360017 0.3960289 0.5435564 0.5021027 0.6517010 0.8472249 0.8720086 0.5953043 0.6931111 0.5090909 
Asioryctes     0.6216211 0.5283819 0.6105033 0.4981975 0.4817315 0.4966529 0.5315303 0.2435395 0.3231379 0.4161641 0.2902556 0.2286974 0.3751675 0.4256880 0.4256880 0.5806585 0.4501996 0.5158660 0.5648998 0.4981975 0.5815077 0.4981975 0.2416798 0.2771047 0.2899722 0.1859530 0.1700795 0.1432085 0.0782990 0.0000000 0.0368693 0.2868913 0.2331697 0.5369642 0.4256880 0.3207490 0.2857873 0.3067651 0.4361375 0.4728148 0.3867121 0.4140734 0.4277792 0.4514391 0.4526725 0.5335548 0.5716722 0.5598120 0.5461340 0.5878897 0.6510891 0.7027213 0.8189465 0.7330045 0.7327893 0.7959771 0.8926386 0.5857077 0.6143688 0.4454447 0.3418653 0.4752075 0.5179093 0.6719959 0.7927696 0.7864081 0.6471073 0.6841505 0.5261331 
Ukhaatherium   0.6216211 0.4863208 0.5999312 0.4823441 0.4653225 0.4533761 0.4822668 0.2256430 0.3144119 0.4161641 0.2659972 0.1959331 0.3475930 0.3162414 0.4008106 0.5806585 0.4008106 0.4877735 0.5158660 0.4932355 0.6063161 0.4733200 0.2249991 0.2516804 0.2756452 0.1859530 0.1700795 0.1535954 0.0895105 0.0368693 0.0000000 0.2711853 0.2696023 0.5128320 0.4539393 0.2870226 0.2572656 0.2972291 0.3982041 0.4372222 0.4048163 0.4375930 0.3630875 0.3980230 0.4296235 0.5176592 0.5024967 0.5158660 0.5083150 0.5360418 0.5660264 0.6287705 0.8552430 0.6737661 0.6610844 0.7586495 0.8789670 0.5600107 0.6017789 0.4360401 0.2933137 0.4682958 0.5145915 0.6512984 0.7754148 0.7473589 0.5733601 0.6070242 0.4777883 
Deccanolestes  1.0713757 0.7456538 0.7889583 0.5019316 0.4196053 0.4308964 0.4687083 0.4184100 0.4189403 0.4060793 0.2661696 0.2364735 0.3303461 0.3627651 0.2684576 0.3037481 0.1567102 0.2917526 0.4733200 0.4256880 0.4404377 0.4181122 0.2254548 0.4256880 0.2714981 0.2638913 0.2972291 0.3719059 0.2567025 0.2868913 0.2711853 0.0000000 0.2972291 0.3088302 0.3969495 0.3477496 0.3916697 0.2354725 0.2810054 0.2503124 0.3748593 0.3787272 0.3498782 0.4189403 0.5106873 0.4204633 0.4618134 0.4937530 0.4153680 0.4368739 0.5712369 0.5874847 0.5249378 0.6806343 0.8534831 0.7635756 0.7843236 0.5449387 0.5843161 0.5299906 0.3760279 0.4539393 0.5333645 0.7505205 1.0464982 1.1627416 0.5449387 0.9253723 0.5204871 
Kulbeckia      0.9849949 0.7507876 0.8005093 0.6798933 0.5984808 0.5967806 0.5858599 0.5121476 0.4680374 0.5718953 0.4199802 0.3916697 0.4438047 0.5043628 0.3243171 0.2779728 0.3303461 0.3198549 0.4695578 0.3886449 0.4042644 0.3956160 0.4166300 0.3578211 0.3361164 0.3617775 0.3826280 0.2799275 0.2931341 0.2331697 0.2696023 0.2972291 0.0000000 0.2229961 0.1653758 0.1519346 0.1818780 0.2210676 0.3192216 0.3333214 0.3608193 0.2972291 0.4640490 0.4788572 0.4148654 0.4447365 0.5021027 0.5541469 0.5134884 0.5521365 0.5914624 0.6631678 0.5792423 0.6463781 0.6691350 0.6390615 0.5843161 0.6980397 0.5313144 0.5517138 0.4346971 0.5126071 0.4649109 0.6683036 0.7121643 0.8354888 0.5191191 0.6643083 0.5697237 
Zhangolestes   0.7060816 0.4981975 0.8604588 0.4450687 0.8197767 0.8173577 0.7635756 0.4817315 0.3547232 0.2803935 0.2818441 0.3916697 0.2286974 0.2364735 0.1631205 0.0543671 0.1011340 0.3661389 0.3412276 0.4663465 0.2876321 0.3064373 0.4501996 0.4144266 0.3969495 0.4695578 0.4917292 0.4256880 0.5128320 0.5369642 0.5128320 0.3088302 0.2229961 0.0000000 0.2972291 0.1164683 0.1640794 0.2885635 0.3589858 0.4929288 0.5815077 0.3088302 0.6017789 0.5449387 0.5704076 0.4743637 0.5531625 0.5283819 0.3213854 0.5449387 0.8920345 0.9645440 0.6679293 0.6968734 0.7635756 0.5776227 0.4432325 0.3337313 0.3237800 0.6084904 0.4733200 0.4777883 0.3719059 0.5128320 0.5626072 0.9523487 0.5158660 9.0000000 0.5449387 
Alymlestes     0.9888176 0.9888176 1.1819856 0.9888176 0.7635756 0.5090909 0.5090909 0.3916697 0.6017789 0.6471073 0.6017789 0.7060816 0.4256880 0.5090909 0.3162414 0.2584624 0.2162593 0.2162593 0.2803935 0.2803935 0.3719059 0.3498782 0.6471073 0.4256880 0.4539393 0.6471073 0.5449387 0.5090909 0.5090909 0.4256880 0.4539393 0.3969495 0.1653758 0.2972291 0.0000000 0.0490338 0.0490338 0.1750596 0.1653758 0.3719059 0.4863208 0.6471073 0.3498782 0.6017789 0.6471073 0.6471073 0.6017789 0.5090909 0.4256880 0.5090909 0.9366084 0.9366084 0.3916697 0.4981975 0.3916697 0.4981975 0.3213854 0.2803935 0.2162593 0.5090909 0.3719059 0.4256880 0.7635756 0.7060816 0.6017789 0.7635756 0.7635756 0.7635756 9.0000000 
Zalambdalestes 0.9219453 0.6605640 0.7106077 0.6627818 0.6546222 0.6629900 0.6620008 0.5278566 0.5183760 0.8545750 0.4600572 0.4981975 0.4557755 0.4562725 0.3081225 0.3578211 0.1950605 0.3670374 0.5158660 0.4297531 0.4087670 0.3773113 0.4743637 0.3366894 0.4256880 0.5616477 0.6084904 0.3595532 0.3090002 0.3207490 0.2870226 0.3477496 0.1519346 0.1164683 0.0490338 0.0000000 0.0442938 0.3100828 0.3961864 0.4933759 0.4411779 0.3960289 0.4667979 0.5246948 0.4818891 0.5660264 0.5786849 0.5488460 0.5103895 0.5248725 0.6753707 0.7270141 0.4814071 0.6501321 0.5737299 0.5803594 0.5761490 0.5640722 0.4644137 0.5216000 0.4643854 0.5544310 0.5348782 0.6769665 0.7176925 0.7109265 0.5819072 0.6787567 0.5869813 
Barunlestes    1.1206211 0.6968734 0.7683787 0.7295573 0.6826807 0.6418644 0.6333284 0.5337841 0.5980406 0.8545750 0.5028487 0.5697237 0.5283819 0.5864411 0.3081225 0.3578211 0.1950605 0.4079569 0.5553991 0.4790396 0.4581898 0.4013554 0.4424390 0.3462629 0.4812642 0.6377087 0.6686221 0.3797553 0.3292160 0.2857873 0.2572656 0.3916697 0.1818780 0.1640794 0.0490338 0.0442938 0.0000000 0.2810054 0.3724785 0.5320740 0.4401497 0.4256880 0.4208711 0.5106873 0.4901199 0.5346867 0.5363721 0.5697237 0.4801463 0.4623240 0.6040799 0.6270845 0.4719962 0.6154269 0.5068731 0.5390122 0.5410233 0.4841127 0.4621120 0.4923042 0.4097842 0.5739272 0.5711303 0.7021692 0.6931111 0.6609404 0.5492472 0.5864411 0.6056837 
Gypsonictops   1.1493836 0.7120128 0.9219453 0.5849007 0.7310335 0.6609404 0.6414060 0.5794562 0.6480871 0.6815422 0.3405801 0.3936328 0.3203431 0.3088302 0.2448009 0.1750596 0.2162593 0.2162593 0.3064373 0.2836048 0.3154647 0.2629307 0.3074962 0.4065850 0.2855376 0.4067478 0.4450687 0.4256880 0.3222310 0.3067651 0.2972291 0.2354725 0.2210676 0.2885635 0.1750596 0.3100828 0.2810054 0.0000000 0.1203567 0.3136231 0.3105627 0.3055764 0.4792971 0.5634580 0.3303461 0.3961864 0.4707440 0.5024967 0.3775050 0.3887621 0.3518935 0.4580545 0.5888085 0.7086106 0.7097935 0.7635756 0.8302779 0.7993806 0.5744839 0.5485410 0.5090909 0.4359446 0.6841505 0.6903578 0.6931111 0.7368353 0.5905428 0.8197767 0.7635756 
Leptictis      1.0274670 0.7208312 0.7814718 0.7295573 0.6121837 0.5626072 0.5715073 0.5383337 0.5651917 0.7023236 0.3520334 0.4170524 0.3344932 0.3969495 0.2813891 0.1931680 0.2051109 0.2016471 0.2223035 0.3483699 0.3594538 0.3688074 0.3220572 0.4432325 0.3008445 0.4140734 0.4812642 0.4023765 0.3468747 0.4361375 0.3982041 0.2810054 0.3192216 0.3589858 0.1653758 0.3961864 0.3724785 0.1203567 0.0000000 0.2723517 0.2790201 0.3234093 0.3384396 0.4448460 0.3527248 0.3315019 0.3529807 0.3459587 0.3661389 0.4041494 0.4273046 0.4678911 0.5878897 0.4842851 0.6089180 0.5478032 0.8308767 0.4816033 0.4460524 0.3850295 0.3409155 0.4981975 0.3985684 0.4814831 0.6311247 0.7350014 0.3719059 0.5258539 0.3951251 
Purgatorius    0.9523487 0.7162443 0.8068130 0.8430008 0.6326657 0.5489133 0.6230567 0.6097662 0.5984808 0.6017789 0.4191776 0.3840127 0.3701119 0.4733200 0.3766543 0.1567102 0.2051109 0.2286974 0.4393495 0.3547232 0.3826280 0.3581747 0.2972291 0.5173554 0.3398278 0.3661389 0.3928754 0.4256880 0.4201509 0.4728148 0.4372222 0.2503124 0.3333214 0.4929288 0.3719059 0.4933759 0.5320740 0.3136231 0.2723517 0.0000000 0.2258105 0.2604584 0.2667379 0.3361164 0.2864763 0.3751675 0.4600572 0.4256880 0.3916697 0.3950473 0.3685881 0.4140734 0.6725762 0.8340401 0.8124495 0.7635756 0.6841505 0.6084904 0.4831821 0.6506210 0.4398728 0.5830164 0.7635756 0.7791524 0.8707568 0.8990081 0.5158660 1.5271512 1.9188209 
Protungulatum  1.0033107 0.7875007 0.8122682 0.8782601 0.6923071 0.5175890 0.5635576 0.6017789 0.5961057 0.7419294 0.5607871 0.2415291 0.5054056 0.2671657 0.4605971 0.2240113 0.2162593 0.3303461 0.3840127 0.3858080 0.3670374 0.3482929 0.3941527 0.4353220 0.4085053 0.4623240 0.5984808 0.4917292 0.3433948 0.3867121 0.4048163 0.3748593 0.3608193 0.5815077 0.4863208 0.4411779 0.4401497 0.3105627 0.2790201 0.2258105 0.0000000 0.0318510 0.3549198 0.3470779 0.2695552 0.2821685 0.3498782 0.3208055 0.3973888 0.3910919 0.3988040 0.4444154 0.5830164 0.5944582 0.5426525 0.7028902 0.8762873 0.5830164 0.4377874 0.4920109 0.4962236 0.4623240 0.4147589 0.6735851 0.6908743 0.7331463 0.3986294 0.6230567 0.3990191 
Oxyprimus      1.1480302 0.9027873 0.9849949 0.8818842 0.7505205 0.5263851 0.5570455 0.6703107 0.6857990 0.7215499 0.5776227 0.2779728 0.4465224 0.3498782 0.4948123 0.2426642 0.3303461 0.3569205 0.3990191 0.3882285 0.3648337 0.3447787 0.4256880 0.4676633 0.4045898 0.5068731 0.5662846 0.5704076 0.4313763 0.4140734 0.4375930 0.3787272 0.2972291 0.3088302 0.6471073 0.3960289 0.4256880 0.3055764 0.3234093 0.2604584 0.0318510 0.0000000 0.3523807 0.3333214 0.2373231 0.3969495 0.4548285 0.3425824 0.3083486 0.3011630 0.3213854 0.3719059 0.5776227 0.7799696 0.6747342 0.7635756 0.6841505 0.6506210 0.4501996 0.6274714 0.5561622 0.4375930 0.5905428 0.6747342 0.7493302 0.7791524 0.4501996 0.5283819 0.5238405 
Vulpavus       0.7507876 0.6532827 0.5723760 0.7456538 0.4594940 0.5031172 0.4958416 0.4663465 0.5251945 0.8078338 0.5204871 0.4256880 0.4317487 0.5449387 0.5449387 0.3231379 0.3129036 0.2701997 0.6725762 0.4256880 0.5039469 0.4552270 0.3449146 0.4233273 0.4567862 0.4721808 0.5191191 0.4199802 0.4280454 0.4277792 0.3630875 0.3498782 0.4640490 0.6017789 0.3498782 0.4667979 0.4208711 0.4792971 0.3384396 0.2667379 0.3549198 0.3523807 0.0000000 0.0773986 0.3000023 0.3234093 0.3294273 0.3397012 0.3570839 0.3963423 0.4237679 0.4338983 0.5864411 0.5290054 0.5522274 0.5589791 0.7523898 0.4237063 0.4551375 0.4030878 0.3287853 0.4413748 0.4199802 0.5922429 0.7163527 0.6159717 0.5158660 0.5143230 0.3775050 
Miacis         0.7912024 0.7159436 0.5543344 0.5728743 0.4579691 0.4716600 0.4848306 0.5170378 0.5245399 0.7635756 0.4501996 0.4156477 0.5204871 0.6627818 0.4877735 0.3303461 0.3129036 0.3916697 0.8285436 0.5598645 0.5899079 0.5565871 0.4566376 0.5094844 0.3960289 0.4450687 0.5365282 0.4525721 0.4892351 0.4514391 0.3980230 0.4189403 0.4788572 0.5449387 0.6017789 0.5246948 0.5106873 0.5634580 0.4448460 0.3361164 0.3470779 0.3333214 0.0773986 0.0000000 0.3441519 0.3743898 0.3670374 0.4005030 0.4404377 0.5146613 0.4693762 0.5116749 0.7745167 0.7013060 0.7002540 0.7371184 0.9976609 0.4443368 0.4855664 0.4475903 0.3311321 0.4539393 0.4687083 0.6055103 0.7892714 0.8372514 0.6879951 0.6319269 0.4566376 
Diacodexis     0.9600109 0.7415479 0.7505205 0.8594667 0.5521930 0.5563707 0.5583080 0.5714726 0.6654231 0.7635756 0.4663465 0.5383337 0.4676633 0.4108067 0.3695771 0.1931680 0.4777883 0.2607269 0.2972291 0.3933663 0.4207424 0.4623240 0.3544837 0.4642305 0.4486780 0.5006449 0.5491298 0.4283504 0.4051108 0.4526725 0.4296235 0.5106873 0.4148654 0.5704076 0.6471073 0.4818891 0.4901199 0.3303461 0.3527248 0.2864763 0.2695552 0.2373231 0.3000023 0.3441519 0.0000000 0.2378216 0.2651663 0.2063621 0.4274937 0.4079569 0.3574346 0.3640741 0.6486397 0.5305499 0.5751753 0.5465296 0.6605640 0.5491298 0.4471066 0.4625157 0.4633399 0.5329641 0.4429598 0.5489829 0.5886527 0.5431763 0.5108560 0.6033202 0.5320740 
Hyopsodus      1.0892975 0.8716405 0.7050721 1.0033107 0.5640722 0.5351968 0.5696290 0.7419294 0.7054125 0.8545750 0.5527452 0.6161334 0.6203671 0.3969495 0.5626072 0.3231379 0.5626072 0.3840127 0.4695578 0.3902217 0.4513311 0.4373432 0.4575898 0.5622754 0.5987208 0.5204871 0.6725762 0.4674941 0.4838512 0.5335548 0.5176592 0.4204633 0.4447365 0.4743637 0.6471073 0.5660264 0.5346867 0.3961864 0.3315019 0.3751675 0.2821685 0.3969495 0.3234093 0.3743898 0.2378216 0.0000000 0.1835056 0.1665271 0.4546764 0.3910330 0.3829014 0.3744713 0.5013167 0.4458355 0.5177355 0.5315774 0.6414060 0.5248146 0.4473343 0.4663465 0.5119719 0.4928037 0.4164029 0.5639736 0.4975112 0.4843977 0.4486780 0.5367953 0.4074581 
Meniscotherium 1.0879442 1.0129447 0.7525217 1.1216837 0.6488911 0.6358681 0.6274039 0.7356400 0.7710945 1.0129447 0.6075660 0.5570455 0.7635756 0.4863208 0.6422545 0.3969495 0.4008106 0.5506991 0.5263851 0.5337841 0.6063161 0.5834706 0.5742282 0.5806585 0.7389433 0.5987208 0.8049064 0.6245076 0.5169249 0.5716722 0.5024967 0.4618134 0.5021027 0.5531625 0.6017789 0.5786849 0.5363721 0.4707440 0.3529807 0.4600572 0.3498782 0.4548285 0.3294273 0.3670374 0.2651663 0.1835056 0.0000000 0.1192507 0.4855262 0.4471254 0.4043404 0.4024888 0.6977519 0.4456382 0.5652288 0.5629520 0.6710783 0.4848526 0.5348782 0.5283819 0.5365282 0.5226160 0.4210519 0.5647486 0.4524104 0.4917292 0.4648297 0.5433243 0.4907617 
Phenacodus     1.1298626 1.0274670 0.7556516 1.2717136 0.5855284 0.5670985 0.5823982 0.7635756 0.8321074 1.0369367 0.5830164 0.5313144 0.7774263 0.4863208 0.6910661 0.5060716 0.4501996 0.4948123 0.4539393 0.4877735 0.5229801 0.5084365 0.5169249 0.6332659 0.8040148 0.7356400 0.8857452 0.6116410 0.5556063 0.5598120 0.5158660 0.4937530 0.5541469 0.5283819 0.5090909 0.5488460 0.5697237 0.5024967 0.3459587 0.4256880 0.3208055 0.3425824 0.3397012 0.4005030 0.2063621 0.1665271 0.1192507 0.0000000 0.4975112 0.4350619 0.4079569 0.4295821 0.6039604 0.4410494 0.5489829 0.4898222 0.6480871 0.5158660 0.5497908 0.5521365 0.5493714 0.5377132 0.4181122 0.5759741 0.4808958 0.5318921 0.4932926 0.5642175 0.4456661 
Ptilocercus    0.9219453 0.7525864 0.8503592 0.8782601 0.6883366 0.5731303 0.5678760 0.6616850 0.6420670 0.8078338 0.5527452 0.5750625 0.3475930 0.3806320 0.4682143 0.2426642 0.2519007 0.3366065 0.3605507 0.3909608 0.3695771 0.4072507 0.4373432 0.5502061 0.4911979 0.5408133 0.6116410 0.5580796 0.4733200 0.5461340 0.5083150 0.4153680 0.5134884 0.3213854 0.4256880 0.5103895 0.4801463 0.3775050 0.3661389 0.3916697 0.3973888 0.3083486 0.3570839 0.4404377 0.4274937 0.4546764 0.4855262 0.4975112 0.0000000 0.3649389 0.3338382 0.3585926 0.5958383 0.5531625 0.5495029 0.5350628 0.6828674 0.4801089 0.3916697 0.4455484 0.3952306 0.5162532 0.5683116 0.5546644 0.6845691 0.6314896 0.5310688 0.5405795 0.4689878 
Plesiadapis    1.3226790 0.9976609 0.7876543 1.1176449 0.6907643 0.5900186 0.6045937 0.7162443 0.9242135 1.0233920 0.7635756 0.6017789 0.6433676 0.5333645 0.5388560 0.2529709 0.4501996 0.2913948 0.3605507 0.5035835 0.5134884 0.4559159 0.5750625 0.5926734 0.7350014 0.7635756 0.7635756 0.5646670 0.5331426 0.5878897 0.5360418 0.4368739 0.5521365 0.5449387 0.5090909 0.5248725 0.4623240 0.3887621 0.4041494 0.3950473 0.3910919 0.3011630 0.3963423 0.5146613 0.4079569 0.3910330 0.4471254 0.4350619 0.3649389 0.0000000 0.1959331 0.2174826 0.3482929 0.3698112 0.4127392 0.4081666 0.3851532 0.5130877 0.4574379 0.5390425 0.5711303 0.5934961 0.5189373 0.6250950 0.6412245 0.5618312 0.5433243 0.5152424 0.4363891 
Northarctus    1.1864340 1.0085683 0.7870513 1.0502114 0.7126433 0.5857528 0.6118560 0.7411527 0.9450118 1.1014632 0.7373954 0.8811411 0.6247162 0.6281432 0.5570455 0.2779728 0.6351167 0.2857873 0.4256880 0.4597934 0.5090909 0.4789412 0.5587895 0.6668062 0.5922429 0.6592730 0.6824305 0.6221715 0.5609369 0.6510891 0.5660264 0.5712369 0.5914624 0.8920345 0.9366084 0.6753707 0.6040799 0.3518935 0.4273046 0.3685881 0.3988040 0.3213854 0.4237679 0.4693762 0.3574346 0.3829014 0.4043404 0.4079569 0.3338382 0.1959331 0.0000000 0.0559789 0.5857077 0.4908982 0.5093767 0.4964644 0.5618312 0.5708156 0.4866059 0.5886736 0.5428396 0.5903068 0.5580796 0.5776227 0.6795014 0.5514280 0.6214552 0.5668698 0.5394361 
Adapis         1.2139676 1.0085683 0.8961295 1.0827358 0.7583180 0.6027973 0.6596749 0.8144389 0.9822125 1.2485102 0.7635756 1.0979396 0.6592730 0.5929136 0.6669424 0.3540693 0.6931111 0.3719059 0.5238405 0.5191191 0.5697237 0.5116749 0.5911133 0.7209123 0.6975781 0.7356400 0.8089040 0.7301636 0.6414060 0.7027213 0.6287705 0.5874847 0.6631678 0.9645440 0.9366084 0.7270141 0.6270845 0.4580545 0.4678911 0.4140734 0.4444154 0.3719059 0.4338983 0.5116749 0.3640741 0.3744713 0.4024888 0.4295821 0.3585926 0.2174826 0.0559789 0.0000000 0.6081511 0.5118656 0.5422995 0.5811167 0.5002852 0.5747441 0.4952511 0.5498685 0.5470547 0.5626072 0.5609706 0.5748587 0.6095808 0.4971604 0.5951511 0.5322757 0.6017789 
Tribosphenomys 1.6625837 1.2645158 0.9421211 1.4246011 1.0439691 0.9056189 0.8552430 1.0216841 1.1118411 1.1458643 1.0129447 0.9645440 0.8824207 0.9040945 0.6161334 0.4049830 0.5238405 0.5449387 0.7635756 0.6458869 0.6017789 0.5405795 0.7758008 0.9268870 0.8467009 0.9319311 0.9770913 0.8961295 0.8768720 0.8189465 0.8552430 0.5249378 0.5792423 0.6679293 0.3916697 0.4814071 0.4719962 0.5888085 0.5878897 0.6725762 0.5830164 0.5776227 0.5864411 0.7745167 0.6486397 0.5013167 0.6977519 0.6039604 0.5958383 0.3482929 0.5857077 0.6081511 0.0000000 0.1183086 0.2171676 0.1874750 0.2063621 0.5976755 0.5872013 0.7548799 0.7791524 0.7461534 0.6017789 0.8898672 0.7366433 0.6869352 0.5570455 0.6312226 0.4473343 
Paramys        1.9892854 1.4972079 0.8664458 2.1374578 0.8627022 0.7593203 0.7635756 0.8552430 0.8350480 1.2019865 1.3856532 0.9822125 1.1968052 0.9155102 0.9475655 0.6351167 0.7635756 0.8800439 0.8000778 0.7208312 0.6757752 0.6146658 0.9724869 0.7948945 1.2984538 1.1343819 1.1696549 0.7094049 0.6847768 0.7330045 0.6737661 0.6806343 0.6463781 0.6968734 0.4981975 0.6501321 0.6154269 0.7086106 0.4842851 0.8340401 0.5944582 0.7799696 0.5290054 0.7013060 0.5305499 0.4458355 0.4456382 0.4410494 0.5531625 0.3698112 0.4908982 0.5118656 0.1183086 0.0000000 0.2698544 0.2297341 0.2311152 0.5815077 0.5545797 0.6299084 0.6946658 0.7360790 0.4325751 0.7202246 0.5132000 0.4943543 0.4890096 0.4887025 0.4960762 
Rhombomylus    1.1739727 1.1892636 0.9335807 1.5859992 0.8347088 0.7382786 0.7675533 0.8999956 0.8627917 0.9849949 1.1141089 0.7023236 1.1176449 1.0129447 1.0471804 0.8513760 0.5238405 0.9922730 0.6931111 0.7531371 0.7208312 0.6409442 0.7956995 0.7299495 1.0249569 1.0417199 1.2127394 0.7333425 0.7238856 0.7327893 0.6610844 0.8534831 0.6691350 0.7635756 0.3916697 0.5737299 0.5068731 0.7097935 0.6089180 0.8124495 0.5426525 0.6747342 0.5522274 0.7002540 0.5751753 0.5177355 0.5652288 0.5489829 0.5495029 0.4127392 0.5093767 0.5422995 0.2171676 0.2698544 0.0000000 0.1899846 0.1877987 0.5969712 0.5617784 0.6994898 0.7139155 0.7176925 0.5994104 0.6601984 0.4906332 0.5993417 0.4900879 0.5433574 0.5139114 
Gomphos        1.3823589 1.2062238 0.8805401 1.6790859 0.9046523 0.8010151 0.7784128 0.9936543 0.9962184 1.2717136 1.3213561 0.8990081 0.9415540 0.7635756 0.8617281 0.7109265 0.5238405 0.8701034 0.8360851 0.6634554 0.6570478 0.5489133 0.8419331 0.8678782 1.1066879 1.1293365 1.0902773 0.7498012 0.8209231 0.7959771 0.7586495 0.7635756 0.6390615 0.5776227 0.4981975 0.5803594 0.5390122 0.7635756 0.5478032 0.7635756 0.7028902 0.7635756 0.5589791 0.7371184 0.5465296 0.5315774 0.5629520 0.4898222 0.5350628 0.4081666 0.4964644 0.5811167 0.1874750 0.2297341 0.1899846 0.0000000 0.0926880 0.6041447 0.5612452 0.7121093 0.7270734 0.6931111 0.5134884 0.6759373 0.5218625 0.4939203 0.5283819 0.5515206 0.5333645 
