68
Didelphis      0.0000000 0.3890378 0.4602913 0.7193743 0.8320145 1.3146036 1.4436773 0.4041859 1.2244352 1.1511505 1.1218358 1.0690272 1.1901716 1.1570499 0.8898013 0.9372152 0.9874225 1.1211876 1.0465647 1.0709330 1.1536040 0.5583547 0.9394141 0.4824968 0.8611769 1.1779388 1.0074357 1.0251492 0.3375231 0.3962571 0.3522723 0.3652484 0.2577346 0.3429536 0.8547959 0.9161058 0.8462322 1.1187326 0.7167109 1.1090355 0.9253759 0.2978331 1.3074938 0.2623648 0.2328438 0.2667074 0.7923190 0.9190568 0.8707679 1.3951228 0.3624500 1.1134191 0.9199245 0.7423255 1.1933239 0.3291482 0.3911735 1.1048796 0.3053688 0.8092807 0.7915304 0.7846634 0.7650064 0.9246166 0.8112439 1.0980008 0.1823283 0.3430085 
Macropus       0.3890378 0.0000000 0.2812268 0.6369271 0.6654141 0.8944243 0.9737744 0.5833126 0.8199736 0.7708937 0.7427690 0.7567860 0.8956444 0.7914604 0.6474697 0.6237380 0.6346930 0.7986743 0.7642019 0.7846634 0.7193743 0.6374605 0.6106054 0.5983357 0.6185519 0.7581709 0.7775649 0.7253770 0.6248693 0.7081232 0.5729094 0.5831490 0.6193507 0.5810395 0.5025139 0.4437170 0.5141731 0.6691896 0.5885654 0.6906386 0.5457745 0.6052552 0.7253770 0.5800972 0.4813704 0.5810395 0.6083607 0.6901184 0.5337374 0.9436000 0.6540811 0.6839922 0.5885654 0.5915186 0.6675444 0.5866137 0.5926202 0.7846634 0.5448984 0.5852908 0.5630740 0.4704978 0.5243255 0.5077891 0.5626396 0.6049983 0.5033181 0.4248379 
Vombatus       0.4602913 0.2812268 0.0000000 0.5265847 0.5272645 0.7084153 0.8120633 0.6676219 0.7515186 0.7011876 0.7918255 0.6631213 0.7320128 0.8535528 0.6183869 0.5714496 0.6601893 0.6718005 0.6955411 0.7981091 0.7648113 0.7270846 0.6200762 0.7390856 0.6045340 0.7586871 0.5796507 0.7390856 0.6613429 0.6817695 0.6729841 0.6966627 0.5712598 0.5211796 0.5429233 0.5898176 0.5363351 0.6156940 0.5923551 0.5992847 0.5770544 0.6556802 0.5926202 0.5885654 0.6487442 0.6832620 0.5997006 0.5977715 0.5810395 0.6453955 0.6750797 0.7130593 0.5303953 0.5501100 0.5992847 0.6432383 0.4993234 0.8135474 0.6632186 0.5821500 0.5840726 0.5154856 0.6185519 0.6374605 0.5303953 0.5922743 0.4849086 0.4406202 
Aplodontia     0.7193743 0.6369271 0.5265847 0.0000000 0.2926562 0.3877967 0.4832763 0.5545177 0.3871696 0.4116363 0.2829748 0.3890378 0.4484392 0.6153065 0.2774501 0.3593356 0.3512133 0.3634290 0.3070607 0.5584490 0.6624752 0.6524291 0.3399066 0.7212388 0.2618330 0.6475256 0.2380275 0.4089890 0.4980237 0.5945850 0.5790664 0.5424874 0.7318638 0.5742024 0.3229747 0.3713786 0.2587201 0.3573974 0.4166036 0.3490922 0.2853400 0.4921485 0.3162050 0.6981862 0.7053907 0.5694715 0.3760029 0.5129008 0.4481830 0.3708582 0.5876831 0.6514662 0.3069168 0.3133374 0.3217275 0.5876259 0.5098847 0.5566038 0.6881610 0.3018841 0.3218760 0.3352741 0.3148401 0.3157234 0.3102124 0.2947889 0.6432383 0.5609955 
Castor         0.8320145 0.6654141 0.5272645 0.2926562 0.0000000 0.3566171 0.4067305 0.6607962 0.3860175 0.4479342 0.3108506 0.2498997 0.3962571 0.5659194 0.3084185 0.3512133 0.3567249 0.2911023 0.3355069 0.5320864 0.5836119 0.7235650 0.3362242 0.7286965 0.3120276 0.5812505 0.2664239 0.3032255 0.6332698 0.6473409 0.5894960 0.5286627 0.8392123 0.7323572 0.3297958 0.3223339 0.3035917 0.4279385 0.4764070 0.3590763 0.3293878 0.6729152 0.3394061 0.9068228 1.0022104 0.7576338 0.3768777 0.4782696 0.4481830 0.3249934 0.6388062 0.6138041 0.2929230 0.3170756 0.2641933 0.7105988 0.5654023 0.5938530 0.6701827 0.3496219 0.3927283 0.2952780 0.3534662 0.2700116 0.4420522 0.3069168 0.7774885 0.7241812 
Cavia          1.3146036 0.8944243 0.7084153 0.3877967 0.3566171 0.0000000 0.1838466 0.8040348 0.1177842 0.3957570 0.2603379 0.2224161 0.1024415 0.5071235 0.4124610 0.3433778 0.4367916 0.1458572 0.3698133 0.4586159 0.4560697 0.8040348 0.4481830 0.9328429 0.3860175 0.4724860 0.3767915 0.2494237 0.7975878 0.9609215 0.8756705 0.6655869 1.0520251 0.8406303 0.4311972 0.4883644 0.3349683 0.4887273 0.4797705 0.5075181 0.3921651 0.8207380 0.1573682 1.0189404 1.1869348 0.8493887 0.5678144 0.5272645 0.5199800 0.1414251 0.9631782 0.5587618 0.3956041 0.3989466 0.1529774 0.7173969 0.7152959 0.4790083 0.7546974 0.3343174 0.4990595 0.4455217 0.4230753 0.3335150 0.4365556 0.3697119 1.0791654 0.8968919 
Chinchilla     1.4436773 0.9737744 0.8120633 0.4832763 0.4067305 0.1838466 0.0000000 0.7781221 0.2108676 0.3556695 0.2868065 0.3052007 0.2839474 0.4229582 0.4913759 0.3523156 0.5001279 0.2366763 0.4283733 0.4037973 0.3982707 0.8967344 0.4942219 0.9612005 0.4775534 0.4148032 0.3927283 0.3015134 0.8979264 1.0168789 1.0247471 0.8157957 1.3236467 1.0129200 0.5211796 0.5459309 0.3584198 0.5018521 0.4937290 0.4816259 0.4434486 0.9192345 0.2301457 1.2277715 1.2032619 1.0048886 0.5750025 0.5545177 0.4135364 0.2199544 0.9429240 0.4695739 0.4463779 0.4984637 0.2336391 0.9624539 0.8228022 0.4282419 0.8281524 0.4990041 0.5729094 0.5494059 0.5094354 0.3985062 0.4481830 0.4196196 1.2256049 0.9994976 
Cynocephalus   0.4041859 0.5833126 0.6676219 0.5545177 0.6607962 0.8040348 0.7781221 0.0000000 0.7655694 0.8320145 0.6761307 0.6512233 0.8387380 0.7659272 0.5470060 0.6513391 0.6401274 0.7105363 0.6401274 0.7297219 0.8376629 0.5416587 0.6168870 0.4285314 0.5545177 0.8436582 0.6450215 0.6758989 0.2117540 0.3716902 0.3768323 0.3152691 0.3238288 0.3044913 0.6221637 0.7138207 0.4666012 0.7474474 0.5983357 0.7432891 0.5014177 0.2833121 0.7846634 0.2661646 0.2559543 0.2765751 0.6706634 0.6738877 0.5545177 0.8826723 0.3523934 0.7372321 0.6393654 0.5320386 0.7432891 0.3127813 0.3430085 0.7452466 0.3947721 0.5591287 0.6213075 0.6214378 0.4896173 0.5742024 0.4578486 0.6689984 0.3170756 0.3776372 
Dasyprocta     1.2244352 0.8199736 0.7515186 0.3871696 0.3860175 0.1177842 0.2108676 0.7655694 0.0000000 0.4368750 0.2464728 0.2132482 0.1909903 0.5207891 0.3408077 0.3884063 0.3847202 0.1481795 0.3847202 0.5151194 0.5221709 0.8042243 0.4060115 0.8178632 0.3653055 0.5300164 0.3680426 0.2522429 0.8521570 0.9079839 0.8448421 0.6655869 1.2224559 0.9360570 0.4077351 0.4193801 0.3233090 0.4445197 0.5885654 0.4311972 0.4025614 0.8589282 0.0920555 1.1531846 1.2158606 0.8883202 0.4904836 0.5228304 0.4782696 0.0926655 0.9321384 0.5829749 0.3186236 0.3676259 0.0945450 0.7846634 0.7012546 0.5084474 0.7950667 0.3547668 0.4782696 0.4311972 0.3829898 0.2570713 0.3790275 0.2830726 1.2286609 0.9070389 
Dipodomys      1.1511505 0.7708937 0.7011876 0.4116363 0.4479342 0.3957570 0.3556695 0.8320145 0.4368750 0.0000000 0.4341481 0.4487034 0.4655372 0.4680963 0.4650289 0.4252359 0.4056359 0.3767915 0.3932754 0.4452573 0.4481830 0.8596118 0.3915851 0.9612005 0.4311972 0.4946768 0.2979477 0.4256685 0.7399590 0.8652143 0.8777917 0.7652920 1.0951221 0.7661011 0.4352032 0.3911087 0.4372350 0.3920696 0.4805575 0.3648705 0.4718151 0.8293678 0.4029257 1.0022104 0.9190568 0.8820707 0.4942742 0.6414248 0.5315497 0.4496057 0.8557581 0.4786607 0.4614466 0.4466238 0.4311972 0.9445561 0.7994513 0.4671583 0.7745495 0.4379884 0.5191311 0.4608577 0.5060180 0.4473431 0.4928092 0.4470080 0.8957326 0.7564915 
Echimys        1.1218358 0.7427690 0.7918255 0.2829748 0.3108506 0.2603379 0.2868065 0.6761307 0.2464728 0.4341481 0.0000000 0.2218122 0.3203214 0.5131801 0.3034363 0.3897371 0.3734938 0.2086679 0.2722606 0.4639277 0.6138041 0.7511857 0.3617393 0.8126383 0.2941798 0.5626396 0.2922146 0.2464728 0.6938041 0.7846634 0.7195869 0.6639249 1.1138116 0.8860648 0.3613855 0.3286388 0.2997548 0.4110450 0.3918102 0.3916386 0.2923678 0.7195869 0.2225084 1.0927637 1.0753463 0.7630988 0.3805874 0.4072433 0.3921651 0.2370127 0.7362476 0.5431700 0.2372410 0.3182503 0.1924513 0.8392123 0.6705915 0.4822105 0.8296190 0.3109877 0.3676259 0.3379482 0.2301457 0.2360065 0.3760029 0.2500787 1.0289687 0.9404140 
Erethizon      1.0690272 0.7567860 0.6631213 0.3890378 0.2498997 0.2224161 0.3052007 0.6512233 0.2132482 0.4487034 0.2218122 0.0000000 0.2819525 0.5801673 0.2648757 0.3676259 0.3479845 0.1309250 0.3015842 0.5257721 0.6414248 0.8115116 0.3403726 0.7846634 0.3179622 0.6213075 0.3258887 0.2733265 0.7335278 0.8662003 0.7209693 0.6544463 1.1090355 0.9383914 0.3208086 0.3534662 0.3199885 0.4730916 0.5134831 0.3728304 0.3191262 0.7992890 0.1573682 1.1776489 1.2940988 0.8361992 0.4679469 0.3972938 0.4612082 0.1303130 0.7644092 0.6446563 0.3118872 0.2958542 0.1437547 0.8448421 0.6729841 0.5758523 0.7338204 0.2846559 0.4580154 0.3067336 0.3884063 0.2243695 0.3577512 0.2283213 1.1045284 0.9727065 
Hydrochoerus   1.1901716 0.8956444 0.7320128 0.4484392 0.3962571 0.1024415 0.2839474 0.8387380 0.1909903 0.4655372 0.3203214 0.2819525 0.0000000 0.4913759 0.4680963 0.3604047 0.5347637 0.2172422 0.4889840 0.4594288 0.4768587 0.8178632 0.5385968 0.9360570 0.4922956 0.4881202 0.4750198 0.2790461 0.8460746 0.8835546 0.8070738 0.6655869 1.0951221 0.8231324 0.4944212 0.5836119 0.3884063 0.6083607 0.5440601 0.6217842 0.4430669 0.7992890 0.2340198 1.0407974 1.1623886 0.8283901 0.5411470 0.5868454 0.5424874 0.1868919 0.9429240 0.5523349 0.5440601 0.5187694 0.2544425 0.6960623 0.7003750 0.4764070 0.7244847 0.4243828 0.4942219 0.5443910 0.5264447 0.3955301 0.4706140 0.4196196 1.0484660 0.8215363 
Lepus          1.1570499 0.7914604 0.8535528 0.6153065 0.5659194 0.5071235 0.4229582 0.7659272 0.5207891 0.4680963 0.5131801 0.5801673 0.4913759 0.0000000 0.6109202 0.5168404 0.5902557 0.5698292 0.5760613 0.0722948 0.0679196 0.7661011 0.5945261 0.7783691 0.6559191 0.0773549 0.6032638 0.4394024 0.8779470 0.9035762 0.7988231 0.7286965 1.0049930 0.8391062 0.4748372 0.5684311 0.4430669 0.5613651 0.3727771 0.5394703 0.4541543 0.7986743 0.5179560 0.9674909 0.8550075 0.7914604 0.4921485 0.3282275 0.3206074 0.5874860 0.9273895 0.0584978 0.6041258 0.5995095 0.6098940 0.7777846 0.9070389 0.0614112 0.7367449 0.6501906 0.5584490 0.5325986 0.4152604 0.6009076 0.6698536 0.5311774 1.0238919 0.8056620 
Marmota        0.8898013 0.6474697 0.6183869 0.2774501 0.3084185 0.4124610 0.4913759 0.5470060 0.3408077 0.4650289 0.3034363 0.2648757 0.4680963 0.6109202 0.0000000 0.3858593 0.2432607 0.3120276 0.3032930 0.5755464 0.6829583 0.7241202 0.2262144 0.7118860 0.0481493 0.6678382 0.3416301 0.3335150 0.5659194 0.6378300 0.5481936 0.4958527 0.8711066 0.7330326 0.1883061 0.2301457 0.2524468 0.3038510 0.4576022 0.3181464 0.2786454 0.6397278 0.3129433 0.8571111 0.9631782 0.6200762 0.3499091 0.3823021 0.3577512 0.3534662 0.6366411 0.5671164 0.1882006 0.1397269 0.2438505 0.6806209 0.5481936 0.5687133 0.6813548 0.1284215 0.3248577 0.1766877 0.2046310 0.2046310 0.1986741 0.2715497 0.8918982 0.6872195 
Massoutiera    0.9372152 0.6237380 0.5714496 0.3593356 0.3512133 0.3433778 0.3523156 0.6513391 0.3884063 0.4252359 0.3897371 0.3676259 0.3604047 0.5168404 0.3858593 0.0000000 0.3826282 0.3801160 0.3685763 0.4580154 0.4987738 0.7508460 0.3604047 0.7916019 0.4021242 0.5168404 0.3760029 0.4025614 0.7180692 0.8618937 0.7616071 0.5871753 0.9058449 0.8242755 0.4824968 0.4434486 0.3612559 0.4592211 0.4904836 0.4826746 0.4504752 0.6778383 0.4398366 0.9061082 1.0137880 0.6942110 0.4582268 0.5729094 0.5502282 0.3875897 0.8288735 0.5875608 0.4196196 0.3750995 0.3825158 0.6587497 0.6606669 0.5034366 0.6465732 0.4383721 0.4161422 0.4620593 0.4771340 0.3534662 0.3558338 0.4193801 0.8944243 0.7626234 
Mus            0.9874225 0.6346930 0.6601893 0.3512133 0.3567249 0.4367916 0.5001279 0.6401274 0.3847202 0.4056359 0.3734938 0.3479845 0.5347637 0.5902557 0.2432607 0.3826282 0.0000000 0.3395640 0.2853400 0.5352397 0.6524291 0.7276321 0.0196570 0.7913246 0.2664239 0.6536133 0.3477884 0.3871696 0.7154923 0.7924989 0.8070738 0.7065526 1.0633088 0.8036667 0.2417401 0.0880007 0.4376436 0.2020726 0.5072640 0.2109517 0.4311972 0.7152959 0.4056359 1.0056661 1.1268140 0.6718005 0.4247299 0.5796507 0.5758523 0.4534828 0.8196035 0.5744358 0.2552598 0.2431541 0.3417786 0.8145176 0.6729841 0.5931311 0.8981679 0.2430232 0.4311972 0.2406033 0.3710185 0.2458710 0.3666461 0.3705046 0.9799248 0.7774104 
Myocastor      1.1211876 0.7986743 0.6718005 0.3634290 0.2911023 0.1458572 0.2366763 0.7105363 0.1481795 0.3767915 0.2086679 0.1309250 0.2172422 0.5698292 0.3120276 0.3801160 0.3395640 0.0000000 0.2926562 0.5207891 0.5622473 0.7846634 0.3268148 0.8818364 0.3032930 0.5935499 0.3125200 0.2263087 0.7467416 0.8236955 0.7423255 0.6487442 1.0774821 0.8816343 0.3659958 0.3805227 0.3394061 0.4686031 0.5281529 0.4348924 0.3534662 0.7635540 0.1262456 1.0723077 1.2790846 0.8279172 0.4602913 0.4602913 0.4602913 0.0990546 0.7779911 0.6121604 0.3406659 0.3133374 0.1031469 0.8361992 0.6257268 0.5752981 0.7546974 0.2954881 0.4692300 0.3719625 0.3977894 0.2301457 0.3895753 0.2301457 1.0744355 0.8831794 
Glis           1.0465647 0.7642019 0.6955411 0.3070607 0.3355069 0.3698133 0.4283733 0.6401274 0.3847202 0.3932754 0.2722606 0.3015842 0.4889840 0.5760613 0.3032930 0.3685763 0.2853400 0.2926562 0.0000000 0.5164153 0.6048488 0.7340136 0.2799026 0.7913246 0.2527950 0.6064063 0.2518787 0.3015134 0.6183869 0.7694827 0.7145660 0.5398384 0.9992746 0.7941760 0.2845355 0.2745479 0.3276044 0.2850059 0.4252359 0.3067336 0.3647690 0.6569832 0.3236530 1.0022104 1.1980160 0.7037865 0.4376436 0.5466359 0.4718151 0.3352741 0.7644092 0.5437793 0.2147111 0.2446915 0.2722606 0.7630988 0.6378300 0.5648405 0.7950667 0.2511782 0.4113451 0.2183435 0.3534662 0.2188779 0.4150350 0.2997548 0.8469517 0.7991303 
Ochotona       1.0709330 0.7846634 0.7981091 0.5584490 0.5320864 0.4586159 0.4037973 0.7297219 0.5151194 0.4452573 0.4639277 0.5257721 0.4594288 0.0722948 0.5755464 0.4580154 0.5352397 0.5207891 0.5164153 0.0000000 0.1373050 0.6737797 0.5683623 0.7180087 0.6241268 0.1469691 0.5083511 0.3962571 0.8233183 0.8070738 0.7570745 0.6855492 0.9208555 0.7503234 0.4585036 0.5355659 0.4025614 0.5499852 0.3915851 0.5394703 0.3982707 0.7309520 0.4909264 0.9142764 0.8828601 0.7134766 0.4921485 0.3387869 0.3169302 0.5421144 0.8320145 0.1156650 0.5470060 0.5462275 0.5443910 0.7120662 0.8063449 0.0352480 0.6579886 0.6067618 0.5235960 0.5045758 0.3627795 0.5325986 0.6396221 0.4620593 0.9760472 0.8056620 
Oryctolagus    1.1536040 0.7193743 0.7648113 0.6624752 0.5836119 0.4560697 0.3982707 0.8376629 0.5221709 0.4481830 0.6138041 0.6414248 0.4768587 0.0679196 0.6829583 0.4987738 0.6524291 0.5622473 0.6048488 0.1373050 0.0000000 0.7354171 0.6686953 0.7470978 0.6934485 0.0526191 0.6339563 0.4706140 0.8581094 0.9242179 0.8211328 0.6921818 0.9323204 0.7498753 0.5355659 0.6557679 0.4556266 0.5997006 0.4224539 0.6157789 0.5347637 0.7917494 0.5516244 0.8867717 0.8707679 0.8126383 0.5744358 0.4256685 0.4041859 0.6118713 0.9146785 0.1122285 0.6799917 0.6729152 0.6297409 0.7846634 0.8681514 0.1410953 0.6733732 0.7098426 0.6016505 0.6195943 0.5264447 0.6868726 0.7018717 0.6158718 0.8931465 0.7173969 
Petrodromus    0.5583547 0.6374605 0.7270846 0.6524291 0.7235650 0.8040348 0.8967344 0.5416587 0.8042243 0.8596118 0.7511857 0.8115116 0.8178632 0.7661011 0.7241202 0.7508460 0.7276321 0.7846634 0.7340136 0.6737797 0.7354171 0.0000000 0.7913246 0.0722948 0.7118860 0.7909478 0.8185381 0.7718220 0.3627795 0.4129732 0.3147365 0.2971799 0.3918102 0.3843581 0.6746700 0.7138207 0.4612082 0.8236955 0.5938530 0.8738425 0.4782696 0.3127813 0.7559865 0.3275032 0.3243721 0.2527950 0.6392894 0.5902557 0.5430617 0.8277309 0.4881202 0.6995464 0.6893126 0.6448474 0.8019427 0.3512133 0.3989466 0.7091357 0.2840987 0.6976211 0.6153065 0.5950327 0.4311972 0.6958806 0.6281775 0.6845329 0.4492567 0.4056359 
Rattus         0.9394141 0.6106054 0.6200762 0.3399066 0.3362242 0.4481830 0.4942219 0.6168870 0.4060115 0.3915851 0.3617393 0.3403726 0.5385968 0.5945261 0.2262144 0.3604047 0.0196570 0.3268148 0.2799026 0.5683623 0.6686953 0.7913246 0.0000000 0.8329956 0.2421760 0.6697492 0.3420927 0.3896510 0.7027666 0.8246318 0.7996171 0.6881610 0.9790203 0.7846634 0.2397266 0.0880007 0.4376436 0.1957654 0.5047608 0.2023771 0.4311972 0.7216387 0.4056359 0.9460121 1.0416272 0.6901184 0.4086605 0.5586521 0.5758523 0.4574291 0.8199736 0.5904789 0.2461997 0.2301457 0.3519959 0.8145176 0.6403142 0.6138041 0.8630477 0.2285408 0.4021242 0.2406033 0.3710185 0.2558586 0.3512905 0.3815393 0.9341653 0.7281028 
Rhynchocyon    0.4824968 0.5983357 0.7390856 0.7212388 0.7286965 0.9328429 0.9612005 0.4285314 0.8178632 0.9612005 0.8126383 0.7846634 0.9360570 0.7783691 0.7118860 0.7916019 0.7913246 0.8818364 0.7913246 0.7180087 0.7470978 0.0722948 0.8329956 0.0000000 0.7349580 0.7910076 0.8329956 0.7978433 0.3169302 0.3768777 0.2903892 0.2971799 0.3402903 0.4022348 0.7405508 0.7571693 0.5182395 0.8320145 0.6297409 0.8840017 0.5545177 0.3147365 0.8457618 0.2839037 0.2826235 0.2421760 0.6822219 0.6738877 0.6020565 0.9325485 0.4311972 0.7372321 0.7044359 0.6740080 0.8853676 0.3147365 0.3957147 0.7390856 0.2479903 0.7470271 0.6738877 0.6195943 0.5325986 0.7479597 0.6797096 0.7846634 0.4132592 0.3751911 
Sciurus        0.8611769 0.6185519 0.6045340 0.2618330 0.3120276 0.3860175 0.4775534 0.5545177 0.3653055 0.4311972 0.2941798 0.3179622 0.4922956 0.6559191 0.0481493 0.4021242 0.2664239 0.3032930 0.2527950 0.6241268 0.6934485 0.7118860 0.2421760 0.7349580 0.0000000 0.6778383 0.3179622 0.3621431 0.5173017 0.6120965 0.5314493 0.4524864 0.8721387 0.7079273 0.1714987 0.2119631 0.2524468 0.2833943 0.4282870 0.3067336 0.2926562 0.6267967 0.3185539 0.8581094 0.9449066 0.5966327 0.3402903 0.4368750 0.3577512 0.3790275 0.5825908 0.5651139 0.1988981 0.1169556 0.2544425 0.6740080 0.5314493 0.6028899 0.6991729 0.1094267 0.3160412 0.1552372 0.2079220 0.1972643 0.1986741 0.2572669 0.8215363 0.6500541 
Sylvilagus     1.1779388 0.7581709 0.7586871 0.6475256 0.5812505 0.4724860 0.4148032 0.8436582 0.5300164 0.4946768 0.5626396 0.6213075 0.4881202 0.0773549 0.6678382 0.5168404 0.6536133 0.5935499 0.6064063 0.1469691 0.0526191 0.7909478 0.6697492 0.7910076 0.6778383 0.0000000 0.6244852 0.4904836 0.9147529 0.8788898 0.8894860 0.7749898 0.9857149 0.7758818 0.5253271 0.6732537 0.5060180 0.5660287 0.3727771 0.5830459 0.5466359 0.8726641 0.5749196 0.9461563 0.9161058 0.8480210 0.5654023 0.3884063 0.3836585 0.6138041 0.9203394 0.1229752 0.6376746 0.6448474 0.6177085 0.8199736 0.9161058 0.1522191 0.7555693 0.6766831 0.5784001 0.6081263 0.5160223 0.6557679 0.7367449 0.6178899 0.9681850 0.7777846 
Thomomys       1.0074357 0.7775649 0.5796507 0.2380275 0.2664239 0.3767915 0.3927283 0.6450215 0.3680426 0.2979477 0.2922146 0.3258887 0.4750198 0.6032638 0.3416301 0.3760029 0.3477884 0.3125200 0.2518787 0.5083511 0.6339563 0.8185381 0.3420927 0.8329956 0.3179622 0.6244852 0.0000000 0.3767915 0.6122748 0.6680940 0.7341507 0.5334242 0.9615925 0.6868726 0.3875139 0.3748359 0.3078767 0.2594172 0.5097223 0.2372410 0.3465517 0.6683187 0.2649783 0.9613156 1.0753463 0.7357399 0.4247299 0.5988616 0.4311972 0.3191262 0.6513391 0.6070330 0.2125625 0.3216739 0.2853400 0.7418725 0.6120965 0.5867369 0.7846634 0.3561320 0.3858593 0.3506039 0.3627795 0.3077575 0.3470198 0.3202162 0.8891245 0.7846634 
Thryonomys     1.0251492 0.7253770 0.7390856 0.4089890 0.3032255 0.2494237 0.3015134 0.6758989 0.2522429 0.4256685 0.2464728 0.2733265 0.2790461 0.4394024 0.3335150 0.4025614 0.3871696 0.2263087 0.3015134 0.3962571 0.4706140 0.7718220 0.3896510 0.7978433 0.3621431 0.4904836 0.3767915 0.0000000 0.7653854 0.7621267 0.6205581 0.5341900 0.9850546 0.8225852 0.3023017 0.3692707 0.2768743 0.3986459 0.4371408 0.4061168 0.3183343 0.7427690 0.2113213 0.9658855 1.0289687 0.7707500 0.4186676 0.4255032 0.3712645 0.2070035 0.7713075 0.5085521 0.2834988 0.3641759 0.1453511 0.7362476 0.6569832 0.4428848 0.6114588 0.3149602 0.4484392 0.3231073 0.3829898 0.2171070 0.4365556 0.2758724 0.9305206 0.8211328 
Tupaia         0.3375231 0.6248693 0.6613429 0.4980237 0.6332698 0.7975878 0.8979264 0.2117540 0.8521570 0.7399590 0.6938041 0.7335278 0.8460746 0.8779470 0.5659194 0.7180692 0.7154923 0.7467416 0.6183869 0.8233183 0.8581094 0.3627795 0.7027666 0.3169302 0.5173017 0.9147529 0.6122748 0.7653854 0.0000000 0.2746015 0.2595453 0.2301457 0.2628640 0.2032524 0.5992847 0.7302206 0.4666012 0.7694827 0.5565508 0.8019427 0.5664880 0.2009065 0.8569707 0.2003285 0.2559543 0.1837559 0.5923551 0.8112439 0.6227295 0.9034673 0.2263087 0.8058848 0.6519352 0.5023690 0.8021696 0.2548899 0.2790818 0.8619843 0.3157234 0.5591287 0.5584490 0.5746446 0.3919352 0.6225810 0.4259718 0.7494154 0.2940635 0.3279333 
Adapis         0.3962571 0.7081232 0.6817695 0.5945850 0.6473409 0.9609215 1.0168789 0.3716902 0.9079839 0.8652143 0.7846634 0.8662003 0.8835546 0.9035762 0.6378300 0.8618937 0.7924989 0.8236955 0.7694827 0.8070738 0.9242179 0.4129732 0.8246318 0.3768777 0.6120965 0.8788898 0.6680940 0.7621267 0.2746015 0.0000000 0.2936834 0.2501467 0.3573974 0.3102124 0.6351615 0.6629541 0.4430669 0.7929881 0.6015901 0.7846634 0.5036449 0.2225627 0.8045155 0.3091335 0.3729319 0.2781901 0.5383088 0.6434983 0.5315497 0.8707679 0.0217997 0.7846634 0.6584178 0.5784001 0.8028874 0.2833943 0.1661115 0.8078534 0.2997548 0.6549796 0.5523349 0.6061486 0.3760029 0.6115776 0.4768587 0.7235650 0.3123933 0.3534662 
Anagale        0.3522723 0.5729094 0.6729841 0.5790664 0.5894960 0.8756705 1.0247471 0.3768323 0.8448421 0.8777917 0.7195869 0.7209693 0.8070738 0.7988231 0.5481936 0.7616071 0.8070738 0.7423255 0.7145660 0.7570745 0.8211328 0.3147365 0.7996171 0.2903892 0.5314493 0.8894860 0.7341507 0.6205581 0.2595453 0.2936834 0.0000000 0.0370780 0.2915327 0.3148401 0.5970056 0.7302206 0.4079735 0.8599540 0.5502282 0.9161058 0.4548676 0.1536369 0.7555693 0.2506596 0.3206074 0.2287507 0.4377546 0.4192567 0.4706140 0.7503234 0.2829748 0.7341507 0.7014283 0.5301729 0.7416885 0.2215894 0.2758724 0.7561906 0.1156650 0.5740309 0.4527618 0.5852908 0.4392862 0.5661968 0.5702045 0.6138041 0.3282275 0.3570976 
Anagalopsis    0.3652484 0.5831490 0.6966627 0.5424874 0.5286627 0.6655869 0.8157957 0.3152691 0.6655869 0.7652920 0.6639249 0.6544463 0.6655869 0.7286965 0.4958527 0.5871753 0.7065526 0.6487442 0.5398384 0.6855492 0.6921818 0.2971799 0.6881610 0.2971799 0.4524864 0.7749898 0.5334242 0.5341900 0.2301457 0.2501467 0.0370780 0.0000000 0.2943457 0.2629948 0.5218601 0.6006503 0.3255357 0.7440455 0.5008821 0.7434172 0.3997219 0.1638355 0.5930372 0.2386564 0.3382855 0.2096078 0.4138052 0.4396450 0.3534662 0.6613429 0.2377467 0.6733732 0.5513988 0.4183145 0.5803264 0.1915840 0.2203296 0.6921818 0.1300151 0.4449197 0.3991929 0.4646749 0.3606670 0.4501554 0.5173017 0.4945291 0.2649783 0.3050423 
Asioryctes     0.2577346 0.6193507 0.5712598 0.7318638 0.8392123 1.0520251 1.3236467 0.3238288 1.2224559 1.0951221 1.1138116 1.1090355 1.0951221 1.0049930 0.8711066 0.9058449 1.0633088 1.0774821 0.9992746 0.9208555 0.9323204 0.3918102 0.9790203 0.3402903 0.8721387 0.9857149 0.9615925 0.9850546 0.2628640 0.3573974 0.2915327 0.2943457 0.0000000 0.1036568 0.7399590 0.9305206 0.5545177 0.9742246 0.7465972 1.0490073 0.5796507 0.2286319 1.0853301 0.0125198 0.0888706 0.2272206 0.6956829 0.6966627 0.6972129 1.1146495 0.3595610 0.9664369 0.8391062 0.7166338 1.1531846 0.2594643 0.2826235 0.9877225 0.2344935 0.7190529 0.6459083 0.7935425 0.5486569 0.8448421 0.6955411 0.9460121 0.1264455 0.2095563 
Barunlestes    0.3429536 0.5810395 0.5211796 0.5742024 0.7323572 0.8406303 1.0129200 0.3044913 0.9360570 0.7661011 0.8860648 0.9383914 0.8231324 0.8391062 0.7330326 0.8242755 0.8036667 0.8816343 0.7941760 0.7503234 0.7498753 0.3843581 0.7846634 0.4022348 0.7079273 0.7758818 0.6868726 0.8225852 0.2032524 0.3102124 0.3148401 0.2629948 0.1036568 0.0000000 0.6506997 0.7737193 0.4123728 0.7294691 0.5767414 0.8617519 0.4376436 0.2390843 0.8459491 0.1017989 0.1250769 0.2215894 0.6049983 0.4952314 0.5418526 0.8756705 0.3289907 0.6958806 0.6966627 0.6075913 0.8672108 0.2973816 0.2646834 0.8127365 0.2407770 0.6322487 0.5303953 0.6718005 0.3178414 0.7060589 0.5206758 0.8061124 0.1480223 0.0978531 
Cocomys        0.8547959 0.5025139 0.5429233 0.3229747 0.3297958 0.4311972 0.5211796 0.6221637 0.4077351 0.4352032 0.3613855 0.3208086 0.4944212 0.4748372 0.1883061 0.4824968 0.2417401 0.3659958 0.2845355 0.4585036 0.5355659 0.6746700 0.2397266 0.7405508 0.1714987 0.5253271 0.3875139 0.3023017 0.5992847 0.6351615 0.5970056 0.5218601 0.7399590 0.6506997 0.0000000 0.1763595 0.2246662 0.2686411 0.2745479 0.2798036 0.1805376 0.5861197 0.3450927 0.6981862 0.7713075 0.6370064 0.2520648 0.2798036 0.2961625 0.4185985 0.6266386 0.4677332 0.2103025 0.0567614 0.2738290 0.6246356 0.5243255 0.4993234 0.7320128 0.0814765 0.2708011 0.0636941 0.1525518 0.1147156 0.1719939 0.2798036 0.7846634 0.6958806 
Cricetops      0.9161058 0.4437170 0.5898176 0.3713786 0.3223339 0.4883644 0.5459309 0.7138207 0.4193801 0.3911087 0.3286388 0.3534662 0.5836119 0.5684311 0.2301457 0.4434486 0.0880007 0.3805227 0.2745479 0.5355659 0.6557679 0.7138207 0.0880007 0.7571693 0.2119631 0.6732537 0.3748359 0.3692707 0.7302206 0.6629541 0.7302206 0.6006503 0.9305206 0.7737193 0.1763595 0.0000000 0.3243721 0.2103025 0.4270967 0.1988413 0.3115718 0.6763903 0.3568403 0.8647302 0.9603160 0.7309520 0.3306466 0.4145646 0.4311972 0.4227136 0.7037865 0.5043271 0.1708593 0.1561358 0.3050423 0.7469206 0.5373128 0.5516244 0.8918982 0.1624997 0.3519245 0.1390775 0.2421760 0.1533339 0.3318140 0.2722606 0.8876331 0.7749898 
Eurymylus      0.8462322 0.5141731 0.5363351 0.2587201 0.3035917 0.3349683 0.3584198 0.4666012 0.3233090 0.4372350 0.2997548 0.3199885 0.3884063 0.4430669 0.2524468 0.3612559 0.4376436 0.3394061 0.3276044 0.4025614 0.4556266 0.4612082 0.4376436 0.5182395 0.2524468 0.5060180 0.3078767 0.2768743 0.4666012 0.4430669 0.4079735 0.3255357 0.5545177 0.4123728 0.2246662 0.3243721 0.0000000 0.4370495 0.2572669 0.3844686 0.0108256 0.4797705 0.2997548 0.5060180 0.5784001 0.4730916 0.0630247 0.1336433 0.1648032 0.3157234 0.4430669 0.4730916 0.3072105 0.2494237 0.2768743 0.4917405 0.3035917 0.3897371 0.3884063 0.2587201 0.0414601 0.2587201 0.1014014 0.1891110 0.2268602 0.2443053 0.6012153 0.4564359 
Florentiamys   1.1187326 0.6691896 0.6156940 0.3573974 0.4279385 0.4887273 0.5018521 0.7474474 0.4445197 0.3920696 0.4110450 0.4730916 0.6083607 0.5613651 0.3038510 0.4592211 0.2020726 0.4686031 0.2850059 0.5499852 0.5997006 0.8236955 0.1957654 0.8320145 0.2833943 0.5660287 0.2594172 0.3986459 0.7694827 0.7929881 0.8599540 0.7440455 0.9742246 0.7294691 0.2686411 0.2103025 0.4370495 0.0000000 0.4692831 0.0394168 0.4311972 0.7689458 0.3760029 0.8788898 0.9631782 0.7324548 0.4311972 0.5206758 0.5243255 0.4383721 0.8823456 0.5005647 0.1303130 0.2850059 0.3446263 0.8006960 0.7150543 0.5663698 1.0155961 0.2755837 0.4215701 0.2661646 0.3627795 0.3102124 0.4135364 0.3976258 0.9462847 0.7166338 
Gomphos        0.7167109 0.5885654 0.5923551 0.4166036 0.4764070 0.4797705 0.4937290 0.5983357 0.5885654 0.4805575 0.3918102 0.5134831 0.5440601 0.3727771 0.4576022 0.4904836 0.5072640 0.5281529 0.4252359 0.3915851 0.4224539 0.5938530 0.5047608 0.6297409 0.4282870 0.3727771 0.5097223 0.4371408 0.5565508 0.6015901 0.5502282 0.5008821 0.7465972 0.5767414 0.2745479 0.4270967 0.2572669 0.4692831 0.0000000 0.4739466 0.2073953 0.4468778 0.4529732 0.6760506 0.5955524 0.5587618 0.2680674 0.1993726 0.1541241 0.4969029 0.5752981 0.3320172 0.4126176 0.3238288 0.4662393 0.4958527 0.5857195 0.3962571 0.4788045 0.3417186 0.3108506 0.3379482 0.2227723 0.3424315 0.3373203 0.4118632 0.6881610 0.5588774 
Gregorymys     1.1090355 0.6906386 0.5992847 0.3490922 0.3590763 0.5075181 0.4816259 0.7432891 0.4311972 0.3648705 0.3916386 0.3728304 0.6217842 0.5394703 0.3181464 0.4826746 0.2109517 0.4348924 0.3067336 0.5394703 0.6157789 0.8738425 0.2023771 0.8840017 0.3067336 0.5830459 0.2372410 0.4061168 0.8019427 0.7846634 0.9161058 0.7434172 1.0490073 0.8617519 0.2798036 0.1988413 0.3844686 0.0394168 0.4739466 0.0000000 0.3647690 0.8498916 0.3646552 0.9658855 1.0543801 0.8282947 0.4202830 0.5282859 0.4655372 0.4232448 0.8472652 0.5412943 0.1527745 0.2786454 0.3243721 0.9436000 0.6992946 0.5262644 1.0362581 0.2849487 0.4569229 0.2708011 0.3692707 0.2865922 0.4064657 0.3654067 0.9857149 0.8205439 
Heomys         0.9253759 0.5457745 0.5770544 0.2853400 0.3293878 0.3921651 0.4434486 0.5014177 0.4025614 0.4718151 0.2923678 0.3191262 0.4430669 0.4541543 0.2786454 0.4504752 0.4311972 0.3534662 0.3647690 0.3982707 0.5347637 0.4782696 0.4311972 0.5545177 0.2926562 0.5466359 0.3465517 0.3183343 0.5664880 0.5036449 0.4548676 0.3997219 0.5796507 0.4376436 0.1805376 0.3115718 0.0108256 0.4311972 0.2073953 0.3647690 0.0000000 0.4782696 0.2997548 0.5381906 0.5825908 0.5154856 0.0717510 0.1214448 0.1450413 0.3743551 0.5154856 0.4655372 0.2926562 0.2224161 0.3034363 0.4898745 0.3106294 0.3972938 0.4192567 0.2328438 0.0495822 0.2356064 0.1084831 0.1765371 0.2076993 0.2356064 0.6360897 0.5134831 
Hyopsodus      0.2978331 0.6052552 0.6556802 0.4921485 0.6729152 0.8207380 0.9192345 0.2833121 0.8589282 0.8293678 0.7195869 0.7992890 0.7992890 0.7986743 0.6397278 0.6778383 0.7152959 0.7635540 0.6569832 0.7309520 0.7917494 0.3127813 0.7216387 0.3147365 0.6267967 0.8726641 0.6683187 0.7427690 0.2009065 0.2225627 0.1536369 0.1638355 0.2286319 0.2390843 0.5861197 0.6763903 0.4797705 0.7689458 0.4468778 0.8498916 0.4782696 0.0000000 0.7846634 0.1677326 0.1557292 0.1229752 0.4897683 0.5586521 0.5315497 0.7673091 0.2439391 0.7274962 0.6635869 0.4849086 0.7411271 0.1150303 0.2301457 0.7222942 0.1853105 0.5358034 0.4744510 0.5807496 0.4392862 0.5985656 0.4528494 0.6958806 0.2375876 0.3095372 
Incamys        1.3074938 0.7253770 0.5926202 0.3162050 0.3394061 0.1573682 0.2301457 0.7846634 0.0920555 0.4029257 0.2225084 0.1573682 0.2340198 0.5179560 0.3129433 0.4398366 0.4056359 0.1262456 0.3236530 0.4909264 0.5516244 0.7559865 0.4056359 0.8457618 0.3185539 0.5749196 0.2649783 0.2113213 0.8569707 0.8045155 0.7555693 0.5930372 1.0853301 0.8459491 0.3450927 0.3568403 0.2997548 0.3760029 0.4529732 0.3646552 0.2997548 0.7846634 0.0000000 1.0022104 1.0186832 0.9949442 0.3679857 0.2894320 0.4025614 0.0610984 0.8148557 0.5199800 0.2714833 0.3052007 0.0994593 0.7846634 0.6374605 0.4922956 0.7988231 0.2780143 0.3646552 0.3518458 0.3214363 0.2426459 0.3974938 0.1868919 1.1459651 0.9293002 
Kennalestes    0.2623648 0.5800972 0.5885654 0.6981862 0.9068228 1.0189404 1.2277715 0.2661646 1.1531846 1.0022104 1.0927637 1.1776489 1.0407974 0.9674909 0.8571111 0.9061082 1.0056661 1.0723077 1.0022104 0.9142764 0.8867717 0.3275032 0.9460121 0.2839037 0.8581094 0.9461563 0.9613156 0.9658855 0.2003285 0.3091335 0.2506596 0.2386564 0.0125198 0.1017989 0.6981862 0.8647302 0.5060180 0.8788898 0.6760506 0.9658855 0.5381906 0.1677326 1.0022104 0.0000000 0.0888706 0.1649656 0.6857722 0.6451807 0.6635869 1.0799414 0.3067336 0.9337926 0.8031400 0.6906386 1.0697293 0.1993726 0.2593061 0.9559547 0.1690473 0.7037865 0.6635869 0.7323572 0.4824968 0.8054438 0.6429512 0.8816343 0.1105203 0.1339975 
Kulbeckia      0.2328438 0.4813704 0.6487442 0.7053907 1.0022104 1.1869348 1.2032619 0.2559543 1.2158606 0.9190568 1.0753463 1.2940988 1.1623886 0.8550075 0.9631782 1.0137880 1.1268140 1.2790846 1.1980160 0.8828601 0.8707679 0.3243721 1.0416272 0.2826235 0.9449066 0.9161058 1.0753463 1.0289687 0.2559543 0.3729319 0.3206074 0.3382855 0.0888706 0.1250769 0.7713075 0.9603160 0.5784001 0.9631782 0.5955524 1.0543801 0.5825908 0.1557292 1.0186832 0.0888706 0.0000000 0.1428722 0.6487442 0.7029598 0.6487442 1.1913939 0.3884063 0.8535528 0.8550075 0.7715698 1.1090355 0.2301457 0.4145646 0.8565250 0.2388889 0.7846634 0.6613429 0.7715698 0.5481936 0.8894860 0.6332698 0.8871801 0.1100358 0.0944740 
Leptictis      0.2667074 0.5810395 0.6832620 0.5694715 0.7576338 0.8493887 1.0048886 0.2765751 0.8883202 0.8820707 0.7630988 0.8361992 0.8283901 0.7914604 0.6200762 0.6942110 0.6718005 0.8279172 0.7037865 0.7134766 0.8126383 0.2527950 0.6901184 0.2421760 0.5966327 0.8480210 0.7357399 0.7707500 0.1837559 0.2781901 0.2287507 0.2096078 0.2272206 0.2215894 0.6370064 0.7309520 0.4730916 0.7324548 0.5587618 0.8282947 0.5154856 0.1229752 0.9949442 0.1649656 0.1428722 0.0000000 0.5729094 0.6303405 0.5935499 0.9959062 0.2870647 0.7021160 0.6893126 0.4984637 0.8762966 0.1600761 0.2595068 0.7173969 0.2199544 0.5685944 0.5342635 0.5821500 0.4392862 0.6868726 0.5243255 0.8026417 0.2489022 0.2667074 
Matutinia      0.7923190 0.6083607 0.5997006 0.3760029 0.3768777 0.5678144 0.5750025 0.6706634 0.4904836 0.4942742 0.3805874 0.4679469 0.5411470 0.4921485 0.3499091 0.4582268 0.4247299 0.4602913 0.4376436 0.4921485 0.5744358 0.6392894 0.4086605 0.6822219 0.3402903 0.5654023 0.4247299 0.4186676 0.5923551 0.5383088 0.4377546 0.4138052 0.6956829 0.6049983 0.2520648 0.3306466 0.0630247 0.4311972 0.2680674 0.4202830 0.0717510 0.4897683 0.3679857 0.6857722 0.6487442 0.5729094 0.0000000 0.2075293 0.1789867 0.4162014 0.5415093 0.4546593 0.3335150 0.2550504 0.3760029 0.5615662 0.4791157 0.4673133 0.4984637 0.2776172 0.0442101 0.3020451 0.1178598 0.2225084 0.2380275 0.3144341 0.7616071 0.6173900 
Mimolagus      0.9190568 0.6901184 0.5977715 0.5129008 0.4782696 0.5272645 0.5545177 0.6738877 0.5228304 0.6414248 0.4072433 0.3972938 0.5868454 0.3282275 0.3823021 0.5729094 0.5796507 0.4602913 0.5466359 0.3387869 0.4256685 0.5902557 0.5586521 0.6738877 0.4368750 0.3884063 0.5988616 0.4255032 0.8112439 0.6434983 0.4192567 0.4396450 0.6966627 0.4952314 0.2798036 0.4145646 0.1336433 0.5206758 0.1993726 0.5282859 0.1214448 0.5586521 0.2894320 0.6451807 0.7029598 0.6303405 0.2075293 0.0000000 0.0416038 0.3678396 0.6845329 0.3512905 0.4457961 0.3694988 0.4103083 0.6012153 0.5108344 0.3362242 0.4813704 0.3814144 0.2926562 0.3133374 0.1868919 0.3181464 0.3446263 0.2646834 0.8298732 0.5866137 
Mimotona       0.8707679 0.5337374 0.5810395 0.4481830 0.4481830 0.5199800 0.4135364 0.5545177 0.4782696 0.5315497 0.3921651 0.4612082 0.5424874 0.3206074 0.3577512 0.5502282 0.5758523 0.4602913 0.4718151 0.3169302 0.4041859 0.5430617 0.5758523 0.6020565 0.3577512 0.3836585 0.4311972 0.3712645 0.6227295 0.5315497 0.4706140 0.3534662 0.6972129 0.5418526 0.2961625 0.4311972 0.1648032 0.5243255 0.1541241 0.4655372 0.1450413 0.5315497 0.4025614 0.6635869 0.6487442 0.5935499 0.1789867 0.0416038 0.0000000 0.5060180 0.5506436 0.3169302 0.3775578 0.2962990 0.4033973 0.5243255 0.4202830 0.2997548 0.5347637 0.3069168 0.1908740 0.3470198 0.2046310 0.2484771 0.2529578 0.3253628 0.7349580 0.6138041 
Neoreomys      1.3951228 0.9436000 0.6453955 0.3708582 0.3249934 0.1414251 0.2199544 0.8826723 0.0926655 0.4496057 0.2370127 0.1303130 0.1868919 0.5874860 0.3534662 0.3875897 0.4534828 0.0990546 0.3352741 0.5421144 0.6118713 0.8277309 0.4574291 0.9325485 0.3790275 0.6138041 0.3191262 0.2070035 0.9034673 0.8707679 0.7503234 0.6613429 1.1146495 0.8756705 0.4185985 0.4227136 0.3157234 0.4383721 0.4969029 0.4232448 0.3743551 0.7673091 0.0610984 1.0799414 1.1913939 0.9959062 0.4162014 0.3678396 0.5060180 0.0000000 0.8551936 0.6098940 0.3047517 0.3811809 0.0880007 0.8205439 0.6832620 0.5467632 0.7603454 0.3462368 0.4347543 0.4196196 0.3884063 0.2914703 0.4374326 0.2206781 1.2235162 0.9701805 
Notharctus     0.3624500 0.6540811 0.6750797 0.5876831 0.6388062 0.9631782 0.9429240 0.3523934 0.9321384 0.8557581 0.7362476 0.7644092 0.9429240 0.9273895 0.6366411 0.8288735 0.8196035 0.7779911 0.7644092 0.8320145 0.9146785 0.4881202 0.8199736 0.4311972 0.5825908 0.9203394 0.6513391 0.7713075 0.2263087 0.0217997 0.2829748 0.2377467 0.3595610 0.3289907 0.6266386 0.7037865 0.4430669 0.8823456 0.5752981 0.8472652 0.5154856 0.2439391 0.8148557 0.3067336 0.3884063 0.2870647 0.5415093 0.6845329 0.5506436 0.8551936 0.0000000 0.8132379 0.6812425 0.5337374 0.8112439 0.2941798 0.1628792 0.8557581 0.2997548 0.6049092 0.5466359 0.6195943 0.3760029 0.6225810 0.4802924 0.7405508 0.3133374 0.3941667 
Palaeolagus    1.1134191 0.6839922 0.7130593 0.6514662 0.6138041 0.5587618 0.4695739 0.7372321 0.5829749 0.4786607 0.5431700 0.6446563 0.5523349 0.0584978 0.5671164 0.5875608 0.5744358 0.6121604 0.5437793 0.1156650 0.1122285 0.6995464 0.5904789 0.7372321 0.5651139 0.1229752 0.6070330 0.5085521 0.8058848 0.7846634 0.7341507 0.6733732 0.9664369 0.6958806 0.4677332 0.5043271 0.4730916 0.5005647 0.3320172 0.5412943 0.4655372 0.7274962 0.5199800 0.9337926 0.8535528 0.7021160 0.4546593 0.3512905 0.3169302 0.6098940 0.8132379 0.0000000 0.5494059 0.5308283 0.5977715 0.7920640 0.7628637 0.1014014 0.7262433 0.5784001 0.4962737 0.4722701 0.4311972 0.5716002 0.6371464 0.5462275 0.9691933 0.7341507 
Paradjidaumo   0.9199245 0.5885654 0.5303953 0.3069168 0.2929230 0.3956041 0.4463779 0.6393654 0.3186236 0.4614466 0.2372410 0.3118872 0.5440601 0.6041258 0.1882006 0.4196196 0.2552598 0.3406659 0.2147111 0.5470060 0.6799917 0.6893126 0.2461997 0.7044359 0.1988981 0.6376746 0.2125625 0.2834988 0.6519352 0.6584178 0.7014283 0.5513988 0.8391062 0.6966627 0.2103025 0.1708593 0.3072105 0.1303130 0.4126176 0.1527745 0.2926562 0.6635869 0.2714833 0.8031400 0.8550075 0.6893126 0.3335150 0.4457961 0.3775578 0.3047517 0.6812425 0.5494059 0.0000000 0.1763027 0.2196192 0.6341718 0.5340038 0.5704651 0.8356361 0.1585057 0.3369708 0.1538975 0.2453120 0.1722018 0.3276044 0.2708011 0.8119698 0.7416885 
Paramys        0.7423255 0.5915186 0.5501100 0.3133374 0.3170756 0.3989466 0.4984637 0.5320386 0.3676259 0.4466238 0.3182503 0.2958542 0.5187694 0.5995095 0.1397269 0.3750995 0.2431541 0.3133374 0.2446915 0.5462275 0.6729152 0.6448474 0.2301457 0.6740080 0.1169556 0.6448474 0.3216739 0.3641759 0.5023690 0.5784001 0.5301729 0.4183145 0.7166338 0.6075913 0.0567614 0.1561358 0.2494237 0.2850059 0.3238288 0.2786454 0.2224161 0.4849086 0.3052007 0.6906386 0.7715698 0.4984637 0.2550504 0.3694988 0.2962990 0.3811809 0.5337374 0.5308283 0.1763027 0.0000000 0.2583424 0.4921485 0.4440696 0.5633090 0.6429512 0.0470724 0.2499347 0.0516308 0.1669549 0.1359192 0.1400071 0.2192611 0.7058172 0.6070330 
Paraphiomys    1.1933239 0.6675444 0.5992847 0.3217275 0.2641933 0.1529774 0.2336391 0.7432891 0.0945450 0.4311972 0.1924513 0.1437547 0.2544425 0.6098940 0.2438505 0.3825158 0.3417786 0.1031469 0.2722606 0.5443910 0.6297409 0.8019427 0.3519959 0.8853676 0.2544425 0.6177085 0.2853400 0.1453511 0.8021696 0.8028874 0.7416885 0.5803264 1.1531846 0.8672108 0.2738290 0.3050423 0.2768743 0.3446263 0.4662393 0.3243721 0.3034363 0.7411271 0.0994593 1.0697293 1.1090355 0.8762966 0.3760029 0.4103083 0.4033973 0.0880007 0.8112439 0.5977715 0.2196192 0.2583424 0.0000000 0.7757645 0.6138041 0.5704651 0.7607810 0.2337574 0.3719625 0.2745479 0.3157234 0.1809834 0.3793432 0.1622478 1.0819142 0.9658855 
Phenacodus     0.3291482 0.5866137 0.6432383 0.5876259 0.7105988 0.7173969 0.9624539 0.3127813 0.7846634 0.9445561 0.8392123 0.8448421 0.6960623 0.7777846 0.6806209 0.6587497 0.8145176 0.8361992 0.7630988 0.7120662 0.7846634 0.3512133 0.8145176 0.3147365 0.6740080 0.8199736 0.7418725 0.7362476 0.2548899 0.2833943 0.2215894 0.1915840 0.2594643 0.2973816 0.6246356 0.7469206 0.4917405 0.8006960 0.4958527 0.9436000 0.4898745 0.1150303 0.7846634 0.1993726 0.2301457 0.1600761 0.5615662 0.6012153 0.5243255 0.8205439 0.2941798 0.7920640 0.6341718 0.4921485 0.7757645 0.0000000 0.2997548 0.7222942 0.2341658 0.4919678 0.5134831 0.6078708 0.4152604 0.6204727 0.4586159 0.7048631 0.3160819 0.3475778 
Plesiadapis    0.3911735 0.5926202 0.4993234 0.5098847 0.5654023 0.7152959 0.8228022 0.3430085 0.7012546 0.7994513 0.6705915 0.6729841 0.7003750 0.9070389 0.5481936 0.6606669 0.6729841 0.6257268 0.6378300 0.8063449 0.8681514 0.3989466 0.6403142 0.3957147 0.5314493 0.9161058 0.6120965 0.6569832 0.2790818 0.1661115 0.2758724 0.2203296 0.2826235 0.2646834 0.5243255 0.5373128 0.3035917 0.7150543 0.5857195 0.6992946 0.3106294 0.2301457 0.6374605 0.2593061 0.4145646 0.2595068 0.4791157 0.5108344 0.4202830 0.6832620 0.1628792 0.7628637 0.5340038 0.4440696 0.6138041 0.2997548 0.0000000 0.7994513 0.3251358 0.4879083 0.4649834 0.5291188 0.2603379 0.4777466 0.3534662 0.5970056 0.3226790 0.3327491 
