80
Orycteropus_afer            0.0000000 0.5769076 0.5102459 0.4946929 0.5440901 0.4928384 0.4956592 0.5042532 0.4808958 0.7761281 0.7635756 0.7429305 0.7635756 0.7985458 0.7978270 0.6143446 0.5224711 0.4992082 0.4802899 0.4269871 0.4918496 0.4527592 0.5152049 0.5149205 0.5605041 0.4154089 0.4696570 0.4671499 0.5022659 0.4739569 0.4256880 0.4070653 0.3934259 0.3425824 0.4203117 0.4721808 0.6879951 0.5211739 0.4576709 0.3973494 0.4099197 0.4356682 0.4448185 0.4168038 0.4377874 0.4479116 0.4374419 0.5472450 0.4618134 0.5395643 0.5393697 0.5370550 0.4770279 0.4987375 0.4273046 0.4992652 0.4777883 0.6328250 0.4768592 0.5465632 0.5570455 0.8112076 0.4951727 0.7946351 0.5979556 0.8360851 0.5030703 0.3681940 0.6397528 0.5523682 0.5404956 0.5084365 0.4716954 0.5595341 0.6715444 0.3964965 0.4759627 0.4558200 0.4516126 0.4807184 
Bos_taurus                  0.5769076 0.0000000 0.1475571 0.1993910 0.1608713 0.1852092 0.1679300 0.2169816 0.2493471 0.9847824 0.9384776 0.9926948 0.8559209 1.0355966 1.0995184 0.8008026 0.3751368 0.4035067 0.3780850 0.3840127 0.3706518 0.3453708 0.3914733 0.2584624 0.2668329 0.3749307 0.3842581 0.3824648 0.5885420 0.5552985 0.6488911 0.5827329 0.5757091 0.4825929 0.4289337 0.5864411 0.5493714 0.7505205 0.7265325 0.5399153 0.5254447 0.4981975 0.5090909 0.5449387 0.5144243 0.4882173 0.5097738 0.3476741 0.6139210 0.3559388 0.2325601 0.2684576 0.3725627 0.3557016 0.4633677 0.3623941 0.4013867 0.4459416 0.3641298 0.4155377 0.3262456 0.3815276 0.4151925 0.2671657 0.3535710 0.3735877 0.3610298 0.5188949 0.4672594 0.4874447 0.4512403 0.5363721 0.4402444 0.3125670 0.4314651 0.6426451 0.6146658 0.6377605 0.6068654 0.6412730 
Ovis_aries                  0.5102459 0.1475571 0.0000000 0.1725335 0.1499320 0.1904453 0.1524437 0.2005185 0.2526884 0.8976842 0.8274366 0.9111501 0.8468241 0.9645440 0.9937270 0.7553922 0.4309858 0.4466882 0.3948774 0.3991782 0.3700026 0.3380630 0.3604000 0.2337250 0.2485283 0.3530120 0.3709518 0.3534759 0.4931824 0.4841127 0.5710377 0.5088956 0.5147529 0.4528488 0.4108067 0.5405795 0.4473343 0.7213313 0.6521392 0.5449387 0.5230207 0.5038204 0.4890899 0.5055182 0.4600572 0.4124075 0.4493455 0.3646513 0.5083150 0.3099305 0.2309353 0.2942582 0.3205443 0.2927582 0.3846721 0.3435087 0.3878027 0.4150722 0.3263018 0.3611017 0.3026580 0.4539393 0.3924334 0.2764812 0.3599046 0.3905951 0.3111398 0.4471550 0.4095063 0.4029888 0.4536348 0.5222873 0.4090919 0.2580574 0.4198909 0.5458843 0.5598645 0.5783704 0.5614891 0.5728743 
Odocoileus_virginianus      0.4946929 0.1993910 0.1725335 0.0000000 0.1231082 0.1674965 0.1658523 0.1818132 0.2456663 0.9337259 0.8629166 0.9100990 0.8143762 0.9221372 0.9702274 0.7971372 0.3722047 0.3883365 0.3385364 0.3240012 0.3440834 0.3055061 0.3358575 0.2534952 0.2745486 0.3095144 0.3869985 0.3059529 0.4696492 0.4663465 0.5737719 0.5252494 0.4784198 0.4133421 0.3646279 0.4796094 0.5838185 0.6634554 0.6497627 0.4748741 0.4113815 0.4660060 0.4381261 0.4667068 0.4843977 0.4037569 0.4151925 0.3275355 0.4404377 0.3043741 0.1997200 0.2515324 0.3165709 0.3107877 0.3492987 0.2661696 0.3019047 0.3756264 0.2918624 0.3170871 0.2824239 0.3719059 0.3210070 0.2803935 0.3819006 0.2782458 0.2795225 0.4499985 0.3403422 0.3578211 0.3835819 0.4216130 0.2911977 0.2539701 0.4404377 0.5393697 0.5104312 0.5084984 0.5623846 0.5305162 
Cervus_elaphus              0.5440901 0.1608713 0.1499320 0.1231082 0.0000000 0.1848027 0.1426583 0.1736435 0.2648975 0.9505027 0.9450118 1.0191487 0.8963385 1.0081304 1.0792047 0.8023423 0.4150110 0.4202163 0.3934467 0.4020218 0.3898161 0.3699221 0.3662548 0.2467766 0.2713519 0.3471516 0.3503256 0.3114745 0.5117860 0.4768288 0.6005336 0.5501762 0.5350767 0.4692140 0.3869213 0.5612452 0.5735675 0.6711832 0.7147262 0.5075047 0.4952358 0.4894540 0.4446282 0.4968695 0.5330667 0.4648297 0.4937530 0.3218989 0.5383337 0.2689138 0.1967058 0.2670832 0.3359101 0.2934624 0.4211835 0.3197598 0.3574487 0.4160401 0.3018087 0.3268499 0.2697843 0.3815276 0.3498782 0.2132091 0.3611991 0.3451657 0.3104466 0.4348456 0.3858080 0.3916697 0.3866489 0.4635733 0.3861089 0.2315784 0.3969495 0.5402039 0.5690756 0.6179781 0.5635051 0.5752107 
Giraffa_camelopardalis      0.4928384 0.1852092 0.1904453 0.1674965 0.1848027 0.0000000 0.1706187 0.2149342 0.2707998 0.8696008 0.8087056 0.8699219 0.7549400 0.8985353 0.9094164 0.8220303 0.3739683 0.4181562 0.3854076 0.3803694 0.3847596 0.3444835 0.3725237 0.2619329 0.2536510 0.3420948 0.3725362 0.3530521 0.4904905 0.5164188 0.5741720 0.5149205 0.5434493 0.4104732 0.3904941 0.5084365 0.6134705 0.7101318 0.6873804 0.5054938 0.4858283 0.4729150 0.4658819 0.4273046 0.4057781 0.4638798 0.4777883 0.3759220 0.5483799 0.3233485 0.2757941 0.3127736 0.3639314 0.3230278 0.4256880 0.3507807 0.3555146 0.4583719 0.3350190 0.3372795 0.3124187 0.3986294 0.3742948 0.2733040 0.3777465 0.2855376 0.3274697 0.4241756 0.4216130 0.4596370 0.4276465 0.4590258 0.3517148 0.2710490 0.4315566 0.5552714 0.5596739 0.5683941 0.5632722 0.5377132 
Antilocapra_americana       0.4956592 0.1679300 0.1524437 0.1658523 0.1426583 0.1706187 0.0000000 0.1813547 0.2180557 0.8804635 0.8438515 0.9584033 0.8405534 1.0121291 0.9976609 0.8101427 0.4256880 0.4417142 0.3823037 0.3782874 0.3695771 0.3133068 0.3557868 0.2745004 0.2141426 0.3466399 0.4314471 0.3473444 0.5261967 0.5364862 0.5918680 0.5197981 0.5472920 0.4382196 0.4322304 0.5077578 0.5584647 0.6757752 0.6191534 0.5901987 0.4882733 0.4927023 0.4932355 0.4713616 0.4901607 0.4391836 0.4363582 0.3331515 0.5229801 0.3186773 0.2156152 0.2357519 0.3139725 0.3046719 0.3798180 0.3320299 0.3331515 0.4105255 0.2734054 0.2959219 0.2601860 0.4479859 0.3385144 0.2338230 0.3188754 0.3905951 0.2964744 0.4603838 0.4018769 0.4493063 0.4101837 0.4174371 0.3813885 0.2531701 0.3938001 0.5884845 0.5869813 0.6050461 0.5809295 0.5866914 
Moschus_moschiferus         0.5042532 0.2169816 0.2005185 0.1818132 0.1736435 0.2149342 0.1813547 0.0000000 0.2281924 0.9899342 0.8823010 1.0263962 0.9179380 1.0347609 1.0217889 0.8811411 0.4168462 0.3935047 0.4067857 0.3650552 0.3558745 0.3507940 0.3170532 0.2302715 0.2535576 0.3482371 0.3850027 0.3148876 0.4676256 0.4301444 0.5597686 0.5171777 0.5149954 0.4017562 0.3557391 0.5406603 0.5693307 0.7147653 0.6694090 0.5126547 0.4523570 0.4333544 0.4621120 0.4305330 0.4399823 0.3880043 0.3982594 0.3142301 0.5688966 0.2663787 0.1787379 0.2210412 0.3209574 0.3378876 0.3347404 0.2622590 0.3001065 0.4020793 0.3054065 0.2658447 0.2680999 0.2972291 0.3057086 0.2733040 0.3668213 0.2932259 0.2803935 0.4226742 0.3221341 0.3566150 0.3592139 0.4091449 0.3112613 0.2630038 0.3661389 0.5335078 0.4934761 0.5328445 0.5323440 0.5069849 
Tragulus                    0.4808958 0.2493471 0.2526884 0.2456663 0.2648975 0.2707998 0.2180557 0.2281924 0.0000000 0.8907253 0.8385013 0.8561075 0.7723630 0.8771893 0.9616353 0.7426540 0.3797857 0.3883365 0.3285006 0.3061313 0.3281108 0.2994231 0.3712736 0.2883650 0.2314148 0.3504099 0.3715978 0.3643044 0.4602295 0.4639461 0.5210983 0.4942198 0.4981975 0.3807392 0.3529807 0.4760178 0.4256880 0.6290955 0.5771340 0.4599059 0.4676165 0.4868214 0.4424390 0.4491638 0.4090208 0.3198549 0.4111407 0.3783743 0.5229801 0.3099305 0.1990766 0.2203352 0.2744302 0.3023573 0.3960741 0.3046103 0.2926512 0.3893764 0.3007727 0.3076459 0.2641997 0.3039951 0.3277711 0.2570068 0.3033045 0.3378876 0.2429552 0.4271513 0.4214254 0.3892342 0.3895744 0.4718795 0.3654208 0.2943462 0.4286484 0.5189183 0.4623240 0.4947536 0.5009271 0.5018628 
Tursiops_truncatus          0.7761281 0.9847824 0.8976842 0.9337259 0.9505027 0.8696008 0.8804635 0.9899342 0.8907253 0.0000000 0.1539605 0.1344963 0.1237298 0.2036119 0.1853122 0.2797337 0.8897299 0.8450737 0.9155102 0.9402912 0.9441348 0.8744564 0.9630790 0.9631423 0.8215140 0.9077038 0.8049064 0.8201158 0.9175962 1.0136628 0.8985353 0.9716992 0.9520887 0.9140431 0.8503592 0.5538794 0.8151384 0.4023765 0.3834849 1.0362530 0.9106226 0.8098838 0.7635756 0.8289211 0.8419331 0.7771260 0.7931645 0.8285436 0.6506210 0.7298631 0.9037315 1.0204934 0.8705183 0.8526951 0.9245683 1.0689614 0.9184138 0.9015920 0.8349022 0.9645440 0.7350014 0.6931111 0.7164821 0.8023423 0.8841709 0.8513760 0.9266961 0.9137669 0.9968756 0.9645440 0.8395134 0.7987096 0.7366433 1.1696549 0.6595833 0.8601649 0.8786311 0.8587359 0.8536102 0.7897011 
Monodon_monoceros           0.7635756 0.9384776 0.8274366 0.8629166 0.9450118 0.8087056 0.8438515 0.8823010 0.8385013 0.1539605 0.0000000 0.1588817 0.1927006 0.2415291 0.2278780 0.2683801 0.8447670 0.8378606 0.8961295 0.8627917 0.8611801 0.8627917 0.9108774 0.8874783 0.8228892 0.8063200 0.8060296 0.7797573 0.8615607 0.8472579 0.8228222 0.9155102 0.8495625 0.7749137 0.7852845 0.4393495 0.8657442 0.3679949 0.3829436 0.7791524 0.7761703 0.7019574 0.8556938 0.7782387 0.6968734 0.6884907 0.7200875 0.7990420 0.4256880 0.7512904 0.9227883 0.9201367 0.8262860 0.8300245 0.8539167 0.8100273 0.8589176 0.8091243 0.7839848 0.8686095 0.6828674 0.2584624 0.7850360 0.7635756 0.7332692 0.2972291 0.8690321 0.8117321 1.0249569 0.8782601 0.8350480 0.8550512 0.6223938 0.9356522 0.6351167 0.7371742 0.8412902 0.7912024 0.7533922 0.6886000 
Inia_geoffrensis            0.7429305 0.9926948 0.9111501 0.9100990 1.0191487 0.8699219 0.9584033 1.0263962 0.8561075 0.1344963 0.1588817 0.0000000 0.1297359 0.2043586 0.2262184 0.2716735 0.8495625 0.8283191 0.8228222 0.8716405 0.8929863 0.7937774 0.9491731 1.0330757 0.9029314 0.7792829 0.8015569 0.8257420 0.9027873 0.9415540 0.8321074 0.9014223 0.9309530 0.7749137 0.7635756 0.4422888 1.2717136 0.3853110 0.3973165 0.8556938 0.8731282 0.8667375 0.8215140 0.8387015 0.7208312 0.7224714 0.7346710 0.8165970 0.6068654 0.7050035 0.9421211 1.0413958 0.8358056 0.8963385 0.9261844 0.9867429 0.9214309 0.8371528 0.8360851 0.8907253 0.7042620 0.6017789 0.7241982 0.9495286 0.9617600 0.6725762 0.9526673 0.8611801 0.8253323 0.8881854 0.7635756 0.6944115 0.7827335 1.0973069 0.6725762 0.7962595 0.8726901 0.8446691 0.7738850 0.7846738 
Pontoporia_blainvillei      0.7635756 0.8559209 0.8468241 0.8143762 0.8963385 0.7549400 0.8405534 0.9179380 0.7723630 0.1237298 0.1927006 0.1297359 0.0000000 0.2277269 0.2519007 0.2821973 0.7812441 0.7459071 0.7166749 0.7727500 0.7497504 0.7011579 0.8554560 0.9900910 0.8551639 0.7265325 0.6664193 0.7809978 0.8428525 0.9120088 0.8147545 0.9070683 0.9179380 0.7279407 0.6725762 0.4396062 0.6931111 0.3873671 0.4052684 0.8990081 0.7441698 0.7321253 0.7259752 0.7557508 0.7185196 0.6281432 0.7179715 0.7980633 0.5523682 0.7027213 0.8657442 0.9714335 0.7331463 0.7388458 0.8011760 1.0173166 0.7753405 0.7834969 0.7959771 0.7799696 0.6214552 0.6931111 0.6506210 0.9784332 0.8144389 0.8513760 0.8900527 0.8224236 1.0101134 0.7519745 0.7721227 0.6725762 0.7157613 1.0314115 0.5502978 0.7520812 0.8209231 0.7585302 0.8471779 0.7415479 
Kogia_breviceps             0.7985458 1.0355966 0.9645440 0.9221372 1.0081304 0.8985353 1.0121291 1.0347609 0.8771893 0.2036119 0.2415291 0.2043586 0.2277269 0.0000000 0.2152675 0.2642900 0.8909043 0.8205654 0.8274366 0.9166766 0.9048263 0.9213378 0.9421211 1.0347609 0.8138927 0.7899213 0.8023423 0.8093061 0.8236359 0.8544174 0.7848896 0.8955492 0.8613787 0.7751231 0.7421764 0.5167538 0.9289514 0.3957088 0.3775050 0.9533956 0.8027473 0.8294782 0.8134907 0.8841709 0.6841505 0.6052059 0.7115528 0.7980633 0.6270845 0.7027213 0.9611838 0.9550291 0.8331986 0.8472249 0.8496471 1.1739727 0.8471779 0.8752848 0.7948945 0.8060296 0.6710783 0.3303461 0.7326442 0.8112076 0.8617281 0.4777883 0.9418629 0.7980633 1.0101134 0.7635756 0.7209769 0.9155102 0.7539416 0.9668085 0.6017789 0.7310335 0.8709117 0.8315745 0.8070637 0.7965469 
Ziphius_cavirostris         0.7978270 1.0995184 0.9937270 0.9702274 1.0792047 0.9094164 0.9976609 1.0217889 0.9616353 0.1853122 0.2278780 0.2262184 0.2519007 0.2152675 0.0000000 0.2845297 0.9050608 0.9528956 0.9281848 0.9198647 0.9706267 0.9477649 0.8788031 1.1120791 0.9559143 0.9127138 0.8373445 0.8664175 0.8994841 0.9910168 0.8278748 0.9961267 0.8554884 0.8881854 0.8888108 0.6070793 0.8657442 0.4357769 0.4331285 0.9197404 0.9443364 0.8360851 0.8343251 0.9618745 0.9766998 0.7494908 0.8094588 0.7456538 0.5313144 0.7635756 0.9499047 1.1640019 0.8681904 0.9093828 0.9666608 1.1552453 1.0108522 0.8942777 0.8719532 1.0608047 0.8513760 0.3498782 0.8187834 0.9450118 0.8890206 0.6017789 0.9750594 0.9596707 0.8990081 0.8140961 0.8427212 1.0274670 0.8224236 1.0536567 0.7137269 0.8676367 0.8881854 0.8061582 0.8445454 0.7743284 
Balaenoptera_acutorostrata  0.6143446 0.8008026 0.7553922 0.7971372 0.8023423 0.8220303 0.8101427 0.8811411 0.7426540 0.2797337 0.2683801 0.2716735 0.2821973 0.2642900 0.2845297 0.0000000 0.7472884 0.7720646 0.7355506 0.7768385 0.7725524 0.7318976 0.8084698 0.8427212 0.7347820 0.7313135 0.7206845 0.7244448 0.7506998 0.7387804 0.6459719 0.7766535 0.7384481 0.8065299 0.7127616 0.4671747 0.8748518 0.3431123 0.3347781 0.8489745 0.7185196 0.7219498 0.7051860 0.9034763 0.6179781 0.6146658 0.6671719 0.8818842 0.6931111 0.6377087 0.8631704 0.8956975 0.8506112 0.8483945 0.7203026 1.0700129 0.8486167 0.8564551 0.8270434 0.8474452 0.5835964 0.9645440 0.6551980 0.9645440 0.8857452 1.3411983 0.7946351 0.7565432 1.3411983 0.8185406 0.7547572 0.7384481 0.6570478 0.9542769 0.6387878 0.6624954 0.7515272 0.7392311 0.7474979 0.6499981 
Hippopotamus_amphibius      0.5224711 0.3751368 0.4309858 0.3722047 0.4150110 0.3739683 0.4256880 0.4168462 0.3797857 0.8897299 0.8447670 0.8495625 0.7812441 0.8909043 0.9050608 0.7472884 0.0000000 0.1455890 0.2892120 0.2521356 0.2648763 0.2609348 0.2745660 0.3924334 0.3819395 0.3647485 0.3837707 0.4308099 0.5342808 0.4921242 0.5857927 0.5365282 0.5079063 0.4000864 0.3307345 0.4649840 0.3271725 0.6611605 0.5325147 0.3631587 0.3924334 0.4066980 0.4532914 0.4353220 0.4173127 0.3507312 0.4496235 0.2991412 0.4164029 0.3372368 0.3879902 0.3867661 0.3155897 0.3571259 0.3969495 0.3105627 0.2596288 0.3144840 0.2728371 0.2909869 0.2151128 0.2237930 0.3065750 0.2361085 0.2714027 0.1640794 0.3629589 0.4139817 0.4981975 0.2584624 0.2642900 0.2497875 0.2957485 0.3545413 0.3162414 0.4976553 0.5090909 0.5199577 0.5825391 0.5082772 
Choeropsis_liberiensis      0.4992082 0.4035067 0.4466882 0.3883365 0.4202163 0.4181562 0.4417142 0.3935047 0.3883365 0.8450737 0.8378606 0.8283191 0.7459071 0.8205654 0.9528956 0.7720646 0.1455890 0.0000000 0.2681525 0.2618431 0.2886331 0.2653781 0.2695717 0.3773958 0.3856049 0.3742648 0.3591148 0.4110586 0.4627827 0.4499081 0.5129135 0.4981975 0.4831821 0.3542157 0.3180116 0.4216574 0.2567025 0.5806585 0.4457693 0.3752370 0.4047489 0.3533637 0.3654934 0.4336170 0.4810697 0.3584812 0.4019693 0.2818441 0.3770447 0.2777730 0.3451657 0.3588541 0.2836623 0.3328784 0.3731436 0.3016868 0.2619935 0.3340449 0.2892518 0.3227674 0.2055433 0.2190957 0.3243171 0.2513460 0.2683935 0.2063621 0.3503458 0.4168462 0.4256880 0.2522468 0.2664753 0.3050867 0.3076677 0.3539901 0.2916383 0.4883742 0.4794232 0.4802899 0.5430226 0.4971411 
Sus_scrofa                  0.4802899 0.3780850 0.3948774 0.3385364 0.3934467 0.3854076 0.3823037 0.4067857 0.3285006 0.9155102 0.8961295 0.8228222 0.7166749 0.8274366 0.9281848 0.7355506 0.2892120 0.2681525 0.0000000 0.1331014 0.1284589 0.1549455 0.1834765 0.3698012 0.3559649 0.3156801 0.3408691 0.3837881 0.4381008 0.4454128 0.4725168 0.4100325 0.4522507 0.3809618 0.2857203 0.4256880 0.2254548 0.6663782 0.6195795 0.3451657 0.3824426 0.4048163 0.3830997 0.4020793 0.4119136 0.3473444 0.4256880 0.3475057 0.4805981 0.3319564 0.3541989 0.3205705 0.2873038 0.3154337 0.3567899 0.2800999 0.2186369 0.2942333 0.2734054 0.3167969 0.2498978 0.2262184 0.3067169 0.2701997 0.3013923 0.2893302 0.3026229 0.3693896 0.4342792 0.2887688 0.3175967 0.3420948 0.3976742 0.3680409 0.4196053 0.4491055 0.4773727 0.4660694 0.5021545 0.4687083 
Babyrousa_babyrussa         0.4269871 0.3840127 0.3991782 0.3240012 0.4020218 0.3803694 0.3782874 0.3650552 0.3061313 0.9402912 0.8627917 0.8716405 0.7727500 0.9166766 0.9198647 0.7768385 0.2521356 0.2618431 0.1331014 0.0000000 0.1258446 0.1147690 0.1972202 0.3520949 0.3275355 0.3026857 0.3431123 0.3910735 0.4185958 0.4245266 0.4305864 0.3863006 0.4165742 0.3673593 0.2939186 0.4466009 0.2249991 0.5994104 0.5791817 0.3199658 0.3849941 0.4208711 0.4005289 0.4041494 0.3702966 0.3044903 0.3627651 0.2893302 0.3498782 0.3116387 0.3300340 0.3220349 0.2625675 0.3186012 0.3367342 0.3052755 0.2189043 0.2964341 0.2881216 0.2584624 0.2525877 0.2764812 0.2755359 0.3477496 0.3094056 0.2519007 0.3247729 0.3913832 0.4513311 0.3059858 0.2972291 0.3025767 0.3338943 0.3607584 0.3667707 0.4505874 0.4346247 0.4415994 0.4828705 0.4539393 
Potamochoerus_porcus        0.4918496 0.3706518 0.3700026 0.3440834 0.3898161 0.3847596 0.3695771 0.3558745 0.3281108 0.9441348 0.8611801 0.8929863 0.7497504 0.9048263 0.9706267 0.7725524 0.2648763 0.2886331 0.1284589 0.1258446 0.0000000 0.1469670 0.1443388 0.3738292 0.3544090 0.2944363 0.3453045 0.3854803 0.4365107 0.4481640 0.4671747 0.4013273 0.4754540 0.3908701 0.3103988 0.5007940 0.2714981 0.6548649 0.6576711 0.3556188 0.4301444 0.4475165 0.4625384 0.4373783 0.4377874 0.3642567 0.4798676 0.3719059 0.4208711 0.3444835 0.3458528 0.3399047 0.3200616 0.3327413 0.3653298 0.3226764 0.2272645 0.2917042 0.3010372 0.3026580 0.2846203 0.2440196 0.3340206 0.3564256 0.3112049 0.3597063 0.3021813 0.4193987 0.4256880 0.3035932 0.3274241 0.3403422 0.3877488 0.3905469 0.4663465 0.5143754 0.5333645 0.5047164 0.5188949 0.5277658 
Hylochoerus_meinertzhageni  0.4527592 0.3453708 0.3380630 0.3055061 0.3699221 0.3444835 0.3133068 0.3507940 0.2994231 0.8744564 0.8627917 0.7937774 0.7011579 0.9213378 0.9477649 0.7318976 0.2609348 0.2653781 0.1549455 0.1147690 0.1469670 0.0000000 0.2410281 0.3657820 0.3449409 0.2756452 0.3535169 0.4021650 0.4733200 0.4616131 0.4937530 0.4401241 0.4579501 0.4184100 0.3081225 0.4404377 0.3271725 0.6521575 0.6045322 0.3578211 0.4331087 0.4444154 0.3863432 0.4041494 0.4170524 0.3680409 0.3801037 0.3180116 0.3746042 0.3152804 0.3291015 0.3326843 0.2728218 0.3162414 0.3558391 0.3162414 0.2684576 0.3246598 0.3010372 0.3012821 0.2685456 0.2615603 0.3202191 0.3543726 0.3113753 0.3055764 0.3694182 0.4256880 0.4566376 0.3404796 0.3117452 0.3385144 0.4037569 0.3840127 0.3979077 0.4865640 0.4921427 0.4740107 0.5225027 0.5233250 
Tayassu_tajacu              0.5152049 0.3914733 0.3604000 0.3358575 0.3662548 0.3725237 0.3557868 0.3170532 0.3712736 0.9630790 0.9108774 0.9491731 0.8554560 0.9421211 0.8788031 0.8084698 0.2745660 0.2695717 0.1834765 0.1972202 0.1443388 0.2410281 0.0000000 0.3852429 0.3602950 0.2916383 0.3215914 0.3469055 0.4292116 0.4498944 0.4928384 0.4663465 0.4958674 0.3641904 0.3199234 0.4702619 0.3368842 0.7178125 0.6888988 0.3433165 0.4256880 0.4318495 0.4363582 0.4372738 0.4348456 0.3895976 0.4770993 0.3175388 0.5383337 0.3185069 0.3346668 0.3460978 0.3134739 0.3489253 0.3450745 0.3018403 0.2089113 0.3020047 0.2738762 0.3474115 0.2915794 0.1898931 0.3042615 0.3042615 0.3447787 0.2893302 0.3103184 0.3671053 0.3162414 0.3037481 0.2767782 0.3025767 0.3813885 0.3741095 0.4733200 0.5302756 0.5650370 0.5287686 0.5125245 0.5535727 
Camelus_dromedarius         0.5149205 0.2584624 0.2337250 0.2534952 0.2467766 0.2619329 0.2745004 0.2302715 0.2883650 0.9631423 0.8874783 1.0330757 0.9900910 1.0347609 1.1120791 0.8427212 0.3924334 0.3773958 0.3698012 0.3520949 0.3738292 0.3657820 0.3852429 0.0000000 0.1702785 0.3267017 0.3417068 0.3454121 0.4954638 0.4096926 0.4916222 0.5027251 0.4586304 0.3894504 0.3511249 0.4215213 0.5008756 0.6522994 0.5938438 0.4912791 0.4414659 0.4587552 0.3794915 0.4256880 0.3821762 0.3507552 0.3943560 0.3840127 0.5776227 0.2761547 0.2516478 0.2067874 0.2726774 0.2790201 0.3515962 0.3188754 0.3000167 0.3822098 0.3127433 0.2674563 0.2985882 0.3176940 0.2532541 0.1719133 0.3529807 0.2378216 0.2821047 0.4021916 0.3886449 0.4256880 0.3690698 0.3613991 0.3321106 0.2503124 0.3960289 0.4817315 0.4918603 0.5552819 0.5279762 0.5377132 
Lama_glama                  0.5605041 0.2668329 0.2485283 0.2745486 0.2713519 0.2536510 0.2141426 0.2535576 0.2314148 0.8215140 0.8228892 0.9029314 0.8551639 0.8138927 0.9559143 0.7347820 0.3819395 0.3856049 0.3559649 0.3275355 0.3544090 0.3449409 0.3602950 0.1702785 0.0000000 0.3130579 0.3760279 0.3230278 0.4269019 0.4045898 0.4956592 0.4590258 0.4663465 0.4083714 0.3498782 0.4644547 0.4954638 0.5561622 0.4783173 0.4432325 0.4359041 0.4726016 0.4368739 0.4060793 0.3509713 0.3320299 0.3952631 0.3364764 0.4306190 0.3242261 0.2479338 0.1854912 0.2692310 0.3029174 0.3510768 0.3431123 0.3134371 0.3711862 0.2844663 0.2764812 0.2826438 0.4203117 0.2806540 0.3007038 0.2863452 0.3701119 0.2614983 0.3867121 0.4108067 0.3498782 0.3576230 0.3673892 0.3226764 0.2474156 0.3798889 0.4313330 0.4360678 0.4992856 0.4865640 0.4635733 
Dicerorhinus_sumatrensis    0.4154089 0.3749307 0.3530120 0.3095144 0.3471516 0.3420948 0.3466399 0.3482371 0.3504099 0.9077038 0.8063200 0.7792829 0.7265325 0.7899213 0.9127138 0.7313135 0.3647485 0.3742648 0.3156801 0.3026857 0.2944363 0.2756452 0.2916383 0.3267017 0.3130579 0.0000000 0.2247691 0.2318361 0.4006235 0.4173754 0.4993759 0.4398127 0.4103587 0.3062059 0.1707129 0.4256880 0.5561622 0.6047253 0.5612452 0.3254591 0.3391104 0.3624580 0.3129036 0.3909988 0.3166550 0.3165848 0.4136974 0.3470779 0.4199802 0.3137750 0.3229942 0.3464617 0.2962823 0.2981621 0.3416114 0.3045498 0.3400549 0.4051471 0.3394917 0.3331198 0.3616388 0.3378876 0.3246874 0.3378876 0.3809476 0.3162414 0.3452534 0.2960590 0.3245540 0.3137313 0.3441769 0.3168379 0.3005736 0.3521379 0.3540693 0.4191776 0.4375930 0.5083602 0.4648508 0.4465827 
Tapirus_terrestris          0.4696570 0.3842581 0.3709518 0.3869985 0.3503256 0.3725362 0.4314471 0.3850027 0.3715978 0.8049064 0.8060296 0.8015569 0.6664193 0.8023423 0.8373445 0.7206845 0.3837707 0.3591148 0.3408691 0.3431123 0.3453045 0.3535169 0.3215914 0.3417068 0.3760279 0.2247691 0.0000000 0.2226115 0.4089202 0.3881199 0.4981975 0.4433521 0.3979816 0.3263018 0.1847426 0.4422517 0.5037593 0.6487986 0.6322701 0.2637493 0.3565427 0.3383333 0.3039442 0.3291984 0.3276875 0.3111881 0.4256880 0.3475057 0.4256880 0.2608902 0.3474875 0.3822098 0.3335698 0.3101101 0.4153267 0.3619917 0.3278604 0.3819395 0.3383129 0.3278747 0.3916697 0.3074962 0.3574963 0.2972291 0.3907955 0.3136231 0.3330000 0.3156229 0.4300396 0.3605507 0.2985102 0.3390789 0.3508077 0.3427225 0.3617775 0.4109146 0.4213925 0.4680374 0.4919863 0.4256880 
Equus_caballus              0.4671499 0.3824648 0.3534759 0.3059529 0.3114745 0.3530521 0.3473444 0.3148876 0.3643044 0.8201158 0.7797573 0.8257420 0.7809978 0.8093061 0.8664175 0.7244448 0.4308099 0.4110586 0.3837881 0.3910735 0.3854803 0.4021650 0.3469055 0.3454121 0.3230278 0.2318361 0.2226115 0.0000000 0.4171519 0.4143640 0.5198837 0.4833090 0.4663465 0.3287234 0.2083653 0.5292999 0.7635756 0.6381208 0.5864411 0.3908154 0.4201509 0.4301089 0.3894504 0.4241505 0.3757256 0.3742948 0.4091449 0.3973888 0.5611205 0.2917526 0.3246874 0.3390574 0.3567138 0.3328217 0.4030878 0.3444835 0.3183972 0.3951968 0.3068902 0.3317698 0.3597063 0.2335850 0.3563686 0.2072472 0.3967129 0.2487442 0.3413526 0.3102842 0.4134329 0.3681940 0.3951736 0.3361164 0.3105627 0.3203431 0.4315566 0.4721808 0.4660409 0.5310245 0.5421895 0.4829128 
Ailurus_fulgens             0.5022659 0.5885420 0.4931824 0.4696492 0.5117860 0.4904905 0.5261967 0.4676256 0.4602295 0.9175962 0.8615607 0.9027873 0.8428525 0.8236359 0.8994841 0.7506998 0.5342808 0.4627827 0.4381008 0.4185958 0.4365107 0.4733200 0.4292116 0.4954638 0.4269019 0.4006235 0.4089202 0.4171519 0.0000000 0.1902475 0.2130356 0.2571739 0.2681525 0.3051643 0.2788535 0.4877735 0.3855196 0.6766482 0.6379903 0.3840127 0.3646513 0.3593323 0.3816526 0.3574963 0.3208929 0.2931026 0.3548525 0.4931622 0.5283819 0.2697620 0.4612326 0.4140734 0.3725768 0.3991023 0.4040979 0.3991925 0.3591558 0.4658125 0.4035934 0.3366894 0.3962979 0.2633644 0.3346132 0.3865309 0.4064193 0.3225262 0.3442386 0.2685173 0.3378876 0.3037481 0.4056550 0.3403422 0.2701997 0.4737321 0.4841916 0.2342107 0.2972291 0.3343640 0.3447787 0.2972291 
Canis_latrans               0.4739569 0.5552985 0.4841127 0.4663465 0.4768288 0.5164188 0.5364862 0.4301444 0.4639461 1.0136628 0.8472579 0.9415540 0.9120088 0.8544174 0.9910168 0.7387804 0.4921242 0.4499081 0.4454128 0.4245266 0.4481640 0.4616131 0.4498944 0.4096926 0.4045898 0.4173754 0.3881199 0.4143640 0.1902475 0.0000000 0.1776610 0.1876837 0.2992417 0.3155003 0.2588894 0.4298443 0.4256880 0.5755262 0.4942656 0.3422851 0.3109732 0.3458621 0.3689630 0.3269271 0.3189380 0.2809065 0.2551391 0.4108067 0.3392548 0.3086448 0.4655507 0.3857602 0.3725627 0.4131821 0.3279303 0.3517148 0.2981525 0.4188151 0.4067938 0.2750494 0.4404377 0.3945317 0.3012821 0.4421902 0.3785343 0.3093554 0.3403422 0.3234093 0.3354037 0.3213854 0.3608193 0.3707662 0.2754698 0.4485832 0.4016190 0.1854785 0.2656744 0.2810854 0.3447787 0.2814358 
Nandinia_binotata           0.4256880 0.6488911 0.5710377 0.5737719 0.6005336 0.5741720 0.5918680 0.5597686 0.5210983 0.8985353 0.8228222 0.8321074 0.8147545 0.7848896 0.8278748 0.6459719 0.5857927 0.5129135 0.4725168 0.4305864 0.4671747 0.4937530 0.4928384 0.4916222 0.4956592 0.4993759 0.4981975 0.5198837 0.2130356 0.1776610 0.0000000 0.1555986 0.3057762 0.3632267 0.3807622 0.3962979 0.4053618 0.5017749 0.4562725 0.3845573 0.3498782 0.3969495 0.3932585 0.3303461 0.3576786 0.2790770 0.3070140 0.5049488 0.3829436 0.3772650 0.5527894 0.4812642 0.4646888 0.4795510 0.3807496 0.4358045 0.4256880 0.4898222 0.4799077 0.3530931 0.4570116 0.4794701 0.3801037 0.4812642 0.4777883 0.4981975 0.4110034 0.3976370 0.4737321 0.4221569 0.4073723 0.4008106 0.2803935 0.5584647 0.4874447 0.1888924 0.2774789 0.2851077 0.3144119 0.2914487 
Felis_silvestris            0.4070653 0.5827329 0.5088956 0.5252494 0.5501762 0.5149205 0.5197981 0.5171777 0.4942198 0.9716992 0.9155102 0.9014223 0.9070683 0.8955492 0.9961267 0.7766535 0.5365282 0.4981975 0.4100325 0.3863006 0.4013273 0.4401241 0.4663465 0.5027251 0.4590258 0.4398127 0.4433521 0.4833090 0.2571739 0.1876837 0.1555986 0.0000000 0.3010617 0.3147087 0.3336031 0.4599059 0.5175890 0.5776227 0.5629020 0.3344932 0.2993451 0.3714282 0.3398278 0.3240215 0.2830645 0.2792644 0.3417908 0.4384109 0.3011630 0.3783743 0.5402039 0.4876444 0.4032888 0.4023765 0.3518509 0.3582816 0.3558647 0.4034470 0.4095063 0.3309416 0.4863208 0.5051132 0.4049830 0.5116749 0.4833881 0.4256880 0.3722843 0.3438428 0.4663465 0.3403422 0.3809946 0.4128673 0.2898217 0.5511654 0.5191191 0.2415291 0.2962293 0.2819900 0.3618211 0.3144119 
Erinaceus_europaeus         0.3934259 0.5757091 0.5147529 0.4784198 0.5350767 0.5434493 0.5472920 0.5149954 0.4981975 0.9520887 0.8495625 0.9309530 0.9179380 0.8613787 0.8554884 0.7384481 0.5079063 0.4831821 0.4522507 0.4165742 0.4754540 0.4579501 0.4958674 0.4586304 0.4663465 0.4103587 0.3979816 0.4663465 0.2681525 0.2992417 0.3057762 0.3010617 0.0000000 0.2774789 0.3284178 0.4490739 0.5304596 0.6025393 0.5369642 0.3894504 0.3767776 0.3147873 0.3863432 0.3719059 0.3766543 0.3303461 0.2824239 0.4316511 0.4256880 0.3455589 0.4798676 0.4787845 0.3788721 0.3962466 0.3543726 0.3933663 0.3833777 0.4568667 0.4066551 0.3352037 0.4407811 0.3993977 0.3582493 0.3176940 0.4304911 0.3547232 0.3625700 0.3114098 0.3498782 0.3082571 0.4058694 0.4013554 0.3017622 0.5000574 0.4256880 0.2231948 0.2681265 0.2972291 0.3530120 0.2820506 
Hyopsodus                   0.3425824 0.4825929 0.4528488 0.4133421 0.4692140 0.4104732 0.4382196 0.4017562 0.3807392 0.9140431 0.7749137 0.7749137 0.7279407 0.7751231 0.8881854 0.8065299 0.4000864 0.3542157 0.3809618 0.3673593 0.3908701 0.4184100 0.3641904 0.3894504 0.4083714 0.3062059 0.3263018 0.3287234 0.3051643 0.3155003 0.3632267 0.3147087 0.2774789 0.0000000 0.1891059 0.4132127 0.5179093 0.5704076 0.4794082 0.3519611 0.2887688 0.3174367 0.3453045 0.2983356 0.2933137 0.2429800 0.3017622 0.3153823 0.5228298 0.2552034 0.3778607 0.3623162 0.2803935 0.3286794 0.2548734 0.2907608 0.2378216 0.3754557 0.2848629 0.2027885 0.3139725 0.1976082 0.2692588 0.2162593 0.3807777 0.1680311 0.3064373 0.2001983 0.1938221 0.1988067 0.2943306 0.2584624 0.1484332 0.3616187 0.3394041 0.3000760 0.3449798 0.3420103 0.3474595 0.3045498 
Hyracotherium               0.4203117 0.4289337 0.4108067 0.3646279 0.3869213 0.3904941 0.4322304 0.3557391 0.3529807 0.8503592 0.7852845 0.7635756 0.6725762 0.7421764 0.8888108 0.7127616 0.3307345 0.3180116 0.2857203 0.2939186 0.3103988 0.3081225 0.3199234 0.3511249 0.3498782 0.1707129 0.1847426 0.2083653 0.2788535 0.2588894 0.3807622 0.3336031 0.3284178 0.1891059 0.0000000 0.4028555 0.4803524 0.5764070 0.5007940 0.3433493 0.2917526 0.2984745 0.3279471 0.3033883 0.3034455 0.2262184 0.2633644 0.2791125 0.4359446 0.1940046 0.3307472 0.3250038 0.2571573 0.2783304 0.2428857 0.2847601 0.2286974 0.3405335 0.2723517 0.2211199 0.2464285 0.1726800 0.2448009 0.2905177 0.3274241 0.2811515 0.2653781 0.1911451 0.3116387 0.2552449 0.2656464 0.3149813 0.2322612 0.3213854 0.3226352 0.2876321 0.3157484 0.3376389 0.4116526 0.3442100 
Artiocetus_clavis           0.4721808 0.5864411 0.5405795 0.4796094 0.5612452 0.5084365 0.5077578 0.5406603 0.4760178 0.5538794 0.4393495 0.4422888 0.4396062 0.5167538 0.6070793 0.4671747 0.4649840 0.4216574 0.4256880 0.4466009 0.5007940 0.4404377 0.4702619 0.4215213 0.4644547 0.4256880 0.4422517 0.5292999 0.4877735 0.4298443 0.3962979 0.4599059 0.4490739 0.4132127 0.4028555 0.0000000 0.1672256 0.2162593 0.2533297 0.2537410 0.3265405 0.3321993 0.2575557 0.2620951 0.2397351 0.3068335 0.2953416 0.4981975 0.0994556 0.3648337 0.4478524 0.4442073 0.4013554 0.4318838 0.4379072 0.4428266 0.4187724 0.5142861 0.3854430 0.4203886 0.4313763 0.5801139 0.3892808 0.5078563 0.4713616 0.4642305 0.4924738 0.4183133 0.4943543 0.5277658 0.4360886 0.3516620 0.3213854 0.4910297 0.4644547 0.3764567 0.4517689 0.4590258 0.4304296 0.4346971 
Rodhocetus_balochistanensis 0.6879951 0.5493714 0.4473343 0.5838185 0.5735675 0.6134705 0.5584647 0.5693307 0.4256880 0.8151384 0.8657442 1.2717136 0.6931111 0.9289514 0.8657442 0.8748518 0.3271725 0.2567025 0.2254548 0.2249991 0.2714981 0.3271725 0.3368842 0.5008756 0.4954638 0.5561622 0.5037593 0.7635756 0.3855196 0.4256880 0.4053618 0.5175890 0.5304596 0.5179093 0.4803524 0.1672256 0.0000000 0.2286974 0.3589858 0.3605507 0.3419626 0.4045898 0.4777883 0.3760279 0.4060793 0.2286974 9.0000000 0.1859530 0.1859530 0.3303461 0.4045898 0.4189403 0.1956997 0.2378216 0.3936328 0.2519007 0.3337313 0.4053618 0.2972291 9.0000000 0.3916697 9.0000000 0.4450687 9.0000000 0.2638913 9.0000000 0.3055764 0.5212404 0.3303461 9.0000000 0.3627651 9.0000000 0.5864411 0.3670374 0.3969495 0.4256880 0.4441050 0.4799708 0.4181122 0.4404377 
Dorudon_atrox               0.5211739 0.7505205 0.7213313 0.6634554 0.6711832 0.7101318 0.6757752 0.7147653 0.6290955 0.4023765 0.3679949 0.3853110 0.3873671 0.3957088 0.4357769 0.3431123 0.6611605 0.5806585 0.6663782 0.5994104 0.6548649 0.6521575 0.7178125 0.6522994 0.5561622 0.6047253 0.6487986 0.6381208 0.6766482 0.5755262 0.5017749 0.5776227 0.6025393 0.5704076 0.5764070 0.2162593 0.2286974 0.0000000 0.1125302 0.4704415 0.4312068 0.4160651 0.4769863 0.4134329 0.3195718 0.4187724 0.3834849 0.6841505 0.2373231 0.5254447 0.6614070 0.6412600 0.5501525 0.6288083 0.5682417 0.7317246 0.6107945 0.6134705 0.5891969 0.5404084 0.5222873 0.7257858 0.4434732 0.6841505 0.6167909 0.8340401 0.6154032 0.5695038 1.1458643 0.6448920 0.5280177 0.4387091 0.5152049 0.7293242 0.5528795 0.5115087 0.5400223 0.4921427 0.4291139 0.4860384 
Basilosaurus                0.4576709 0.7265325 0.6521392 0.6497627 0.7147262 0.6873804 0.6191534 0.6694090 0.5771340 0.3834849 0.3829436 0.3973165 0.4052684 0.3775050 0.4331285 0.3347781 0.5325147 0.4457693 0.6195795 0.5791817 0.6576711 0.6045322 0.6888988 0.5938438 0.4783173 0.5612452 0.6322701 0.5864411 0.6379903 0.4942656 0.4562725 0.5629020 0.5369642 0.4794082 0.5007940 0.2533297 0.3589858 0.1125302 0.0000000 0.4893894 0.3352037 0.3994550 0.3783743 0.3762749 0.3485034 0.3580834 0.3359697 0.4981975 0.3523807 0.4138884 0.5667899 0.5898598 0.4898222 0.5671779 0.4238258 0.6075660 0.4917292 0.5345771 0.5286516 0.4135401 0.3510541 0.7097935 0.3828061 0.5449387 0.5098346 0.6950439 0.5136778 0.5393017 1.0154763 0.5017014 0.4203117 0.3260671 0.4117056 0.6812418 0.4256880 0.4389308 0.4744920 0.4358507 0.4621342 0.4600013 
Pachyaena_ossifraga         0.3973494 0.5399153 0.5449387 0.4748741 0.5075047 0.5054938 0.5901987 0.5126547 0.4599059 1.0362530 0.7791524 0.8556938 0.8990081 0.9533956 0.9197404 0.8489745 0.3631587 0.3752370 0.3451657 0.3199658 0.3556188 0.3578211 0.3433165 0.4912791 0.4432325 0.3254591 0.2637493 0.3908154 0.3840127 0.3422851 0.3845573 0.3344932 0.3894504 0.3519611 0.3433493 0.2537410 0.3605507 0.4704415 0.4893894 0.0000000 0.1192507 0.1491750 0.1432085 0.1375873 0.1151253 0.1241963 0.1305984 0.3556188 0.1999589 0.3822343 0.3993977 0.4136974 0.3327413 0.3726069 0.3275355 0.2992724 0.3105627 0.3969495 0.3760279 0.3798889 0.4375930 0.3498782 0.4101837 0.3889714 0.3969495 0.3627651 0.3303461 0.3039951 0.3337313 0.2972291 0.3878808 0.1631205 0.2364735 0.4020038 0.4256880 0.3653298 0.3125670 0.2384560 0.2764812 0.2972291 
Sinonyx_jiashanensis        0.4099197 0.5254447 0.5230207 0.4113815 0.4952358 0.4858283 0.4882733 0.4523570 0.4676165 0.9106226 0.7761703 0.8731282 0.7441698 0.8027473 0.9443364 0.7185196 0.3924334 0.4047489 0.3824426 0.3849941 0.4301444 0.4331087 0.4256880 0.4414659 0.4359041 0.3391104 0.3565427 0.4201509 0.3646513 0.3109732 0.3498782 0.2993451 0.3767776 0.2887688 0.2917526 0.3265405 0.3419626 0.4312068 0.3352037 0.1192507 0.0000000 0.1200474 0.1493745 0.1001203 0.1567102 0.1551858 0.2087854 0.3394041 0.2357762 0.2972291 0.4034051 0.4200239 0.3129036 0.3735018 0.3142076 0.3661389 0.3098759 0.3498782 0.3630528 0.3276585 0.4643489 0.4825929 0.3956160 0.3828061 0.4311525 0.4324085 0.3026857 0.2708389 0.4256880 0.2901636 0.3298420 0.1977021 0.2240113 0.4238444 0.4256880 0.2891515 0.3015432 0.2972291 0.3046807 0.3232833 
Mesonyx_obtusidens          0.4356682 0.4981975 0.5038204 0.4660060 0.4894540 0.4729150 0.4927023 0.4333544 0.4868214 0.8098838 0.7019574 0.8667375 0.7321253 0.8294782 0.8360851 0.7219498 0.4066980 0.3533637 0.4048163 0.4208711 0.4475165 0.4444154 0.4318495 0.4587552 0.4726016 0.3624580 0.3383333 0.4301089 0.3593323 0.3458621 0.3969495 0.3714282 0.3147873 0.3174367 0.2984745 0.3321993 0.4045898 0.4160651 0.3994550 0.1491750 0.1200474 0.0000000 0.1420614 0.1413357 0.1320195 0.1254976 0.1575642 0.3408691 0.1839328 0.3162414 0.3936328 0.4391292 0.3151796 0.3504597 0.3469457 0.3571563 0.3439231 0.3774289 0.3840127 0.3073031 0.3856049 0.4388635 0.4004718 0.3237800 0.3856512 0.5078563 0.3348754 0.2579609 0.4747218 0.2799275 0.3162414 0.1750596 0.2027885 0.4167177 0.4506720 0.3572233 0.3443226 0.3033742 0.3109031 0.3700589 
Dissacus_praenuntius        0.4448185 0.5090909 0.4890899 0.4381261 0.4446282 0.4658819 0.4932355 0.4621120 0.4424390 0.7635756 0.8556938 0.8215140 0.7259752 0.8134907 0.8343251 0.7051860 0.4532914 0.3654934 0.3830997 0.4005289 0.4625384 0.3863432 0.4363582 0.3794915 0.4368739 0.3129036 0.3039442 0.3894504 0.3816526 0.3689630 0.3932585 0.3398278 0.3863432 0.3453045 0.3279471 0.2575557 0.4777883 0.4769863 0.3783743 0.1432085 0.1493745 0.1420614 0.0000000 0.1114832 0.1090199 0.1383986 0.2256430 0.3201453 0.2604584 0.2512785 0.3689630 0.3890521 0.3126573 0.3571025 0.3073031 0.3474115 0.3332510 0.3400918 0.3758543 0.3014414 0.3710708 0.4649109 0.3761396 0.3144119 0.3988433 0.4981975 0.3592352 0.2420726 0.4396940 0.2909869 0.3317698 0.1712033 0.2286974 0.3998644 0.4220169 0.3706262 0.3427225 0.3320299 0.3705120 0.3587263 
Dissacus_zanabazari         0.4168038 0.5449387 0.5055182 0.4667068 0.4968695 0.4273046 0.4713616 0.4305330 0.4491638 0.8289211 0.7782387 0.8387015 0.7557508 0.8841709 0.9618745 0.9034763 0.4353220 0.4336170 0.4020793 0.4041494 0.4373783 0.4041494 0.4372738 0.4256880 0.4060793 0.3909988 0.3291984 0.4241505 0.3574963 0.3269271 0.3303461 0.3240215 0.3719059 0.2983356 0.3033883 0.2620951 0.3760279 0.4134329 0.3762749 0.1375873 0.1001203 0.1413357 0.1114832 0.0000000 0.1223272 0.1531445 0.1779014 0.3114745 0.2286974 0.2653781 0.4159127 0.4085535 0.3191282 0.3640429 0.3289867 0.3926048 0.3247729 0.3442100 0.3551974 0.3291015 0.4020793 0.4580545 0.3457865 0.3475930 0.4157554 0.3271725 0.3044234 0.2424363 0.3840127 0.2999599 0.3343640 0.2139332 0.2085046 0.4120584 0.4295821 0.2982833 0.3109031 0.3036697 0.3194839 0.2847185 
Harpagolestes_orientalis    0.4377874 0.5144243 0.4600572 0.4843977 0.5330667 0.4057781 0.4901607 0.4399823 0.4090208 0.8419331 0.6968734 0.7208312 0.7185196 0.6841505 0.9766998 0.6179781 0.4173127 0.4810697 0.4119136 0.3702966 0.4377874 0.4170524 0.4348456 0.3821762 0.3509713 0.3166550 0.3276875 0.3757256 0.3208929 0.3189380 0.3576786 0.2830645 0.3766543 0.2933137 0.3034455 0.2397351 0.4060793 0.3195718 0.3485034 0.1151253 0.1567102 0.1320195 0.1090199 0.1223272 0.0000000 0.0865330 0.1902155 0.4124075 0.1672256 0.2671657 0.3853110 0.3248763 0.3064373 0.3852270 0.3622516 0.4043876 0.2972291 0.3609305 0.3239694 0.2661696 0.3558969 0.4663465 0.3384396 0.3498782 0.4381261 0.5191191 0.3618610 0.2609500 0.6471073 0.3523807 0.2722613 0.2051109 0.1567102 0.4049830 0.4023765 0.2991011 0.3254591 0.2991412 0.3085843 0.3400053 
Harpagolestes_uintensis     0.4479116 0.4882173 0.4124075 0.4037569 0.4648297 0.4638798 0.4391836 0.3880043 0.3198549 0.7771260 0.6884907 0.7224714 0.6281432 0.6052059 0.7494908 0.6146658 0.3507312 0.3584812 0.3473444 0.3044903 0.3642567 0.3680409 0.3895976 0.3507552 0.3320299 0.3165848 0.3111881 0.3742948 0.2931026 0.2809065 0.2790770 0.2792644 0.3303461 0.2429800 0.2262184 0.3068335 0.2286974 0.4187724 0.3580834 0.1241963 0.1551858 0.1254976 0.1383986 0.1531445 0.0865330 0.0000000 0.1882971 0.3685881 0.1821737 0.2251247 0.3209837 0.3298204 0.2549050 0.3314025 0.2493691 0.2830645 0.2387940 0.2752014 0.3030095 0.2453903 0.2566054 0.3342723 0.2212123 0.3022745 0.3607584 0.3251647 0.3043741 0.2423352 0.5531625 0.2432145 0.1757695 0.1959331 0.1372061 0.3337313 0.3435704 0.2972291 0.2924383 0.2615603 0.2847911 0.3201453 
Hapalodectes_hetangensis    0.4374419 0.5097738 0.4493455 0.4151925 0.4937530 0.4777883 0.4363582 0.3982594 0.4111407 0.7931645 0.7200875 0.7346710 0.7179715 0.7115528 0.8094588 0.6671719 0.4496235 0.4019693 0.4256880 0.3627651 0.4798676 0.3801037 0.4770993 0.3943560 0.3952631 0.4136974 0.4256880 0.4091449 0.3548525 0.2551391 0.3070140 0.3417908 0.2824239 0.3017622 0.2633644 0.2953416 9.0000000 0.3834849 0.3359697 0.1305984 0.2087854 0.1575642 0.2256430 0.1779014 0.1902155 0.1882971 0.0000000 0.2469759 0.2124102 0.2258105 0.3084652 0.3532686 0.2958406 0.3863432 0.2885635 0.3358575 0.2866582 0.3412276 0.3391608 0.2668063 0.3339288 0.4839359 0.2933977 0.4450687 0.3979077 0.3528615 0.3213854 0.2693100 0.3771895 0.2677670 0.2972291 0.1976082 0.2102097 0.3213854 0.3693896 0.2388808 0.2596288 0.1843519 0.3016868 0.2718193 
Helohyus_plicodon           0.5472450 0.3476741 0.3646513 0.3275355 0.3218989 0.3759220 0.3331515 0.3142301 0.3783743 0.8285436 0.7990420 0.8165970 0.7980633 0.7980633 0.7456538 0.8818842 0.2991412 0.2818441 0.3475057 0.2893302 0.3719059 0.3180116 0.3175388 0.3840127 0.3364764 0.3470779 0.3475057 0.3973888 0.4931622 0.4108067 0.5049488 0.4384109 0.4316511 0.3153823 0.2791125 0.4981975 0.1859530 0.6841505 0.4981975 0.3556188 0.3394041 0.3408691 0.3201453 0.3114745 0.4124075 0.3685881 0.2469759 0.0000000 0.3953816 0.1336189 0.2878341 0.3317698 0.2673752 0.2842418 0.2015297 0.1589819 0.2764812 0.2286974 0.2855376 0.1982989 0.2945482 0.2604584 0.2249991 0.2034975 0.2755658 0.1432085 0.2626354 0.2951185 0.2232890 0.1477783 0.1464799 0.0918360 0.1842330 0.2456663 0.1792595 0.4076693 0.4289624 0.4649109 0.5425080 0.4315566 
