21
Asioryctes     0.0000000 0.3040988 0.6955980 0.9231602 0.9662766 0.9772686 1.1026319 1.0929346 0.7126442 0.6010206 0.4217307 0.7052912 0.9270625 0.7112476 0.9940392 0.8572980 0.7634425 0.6642677 0.5326812 0.4974707 0.6142706 
Purgatorius    0.3040988 0.0000000 0.2277618 0.4699699 0.7596341 0.8239592 0.7329386 0.6354734 0.4589678 0.2810201 0.3335144 0.5862754 0.4315231 0.5239700 0.6412427 0.7798288 0.8005198 0.7770689 0.5993218 0.7020700 0.2695305 
Palaechthon    0.6955980 0.2277618 0.0000000 0.2133844 0.5198604 0.4904449 0.3904008 0.4618204 0.3854058 0.4226020 0.4849704 0.6242582 0.4754283 0.6816418 0.5949230 0.6305874 0.6889807 0.6695702 0.6734562 0.8036877 0.2892469 
Paromomyidae   0.9231602 0.4699699 0.2133844 0.0000000 0.6923727 0.5659500 0.2940316 0.5464454 0.4576946 0.3148904 0.6142706 0.6110014 0.5558977 0.4998592 1.0397208 0.8239592 1.1040943 0.6507800 0.9062334 1.3486740 0.4197118 
Chronolestes   0.9662766 0.7596341 0.5198604 0.6923727 0.0000000 0.3976626 0.5435644 0.3693574 0.5452865 0.7507304 0.3831192 0.4949175 0.4813904 0.7112476 0.9695762 1.4467204 1.2338670 0.9789199 1.1085764 1.1470464 0.6300287 
Carpolestidae  0.9772686 0.8239592 0.4904449 0.5659500 0.3976626 0.0000000 0.3370991 0.3854058 0.7730923 0.5569704 0.4217307 0.5127513 0.6872180 0.6971520 0.9413860 0.8572980 1.5255547 0.7869147 1.1521759 1.3438196 0.7329386 
Plesiadapidae  1.1026319 0.7329386 0.3904008 0.2940316 0.5435644 0.3370991 0.0000000 0.3264886 0.6759396 0.4197118 0.2523542 0.8012302 0.6181316 0.5745262 1.1764619 0.8971881 1.3736248 0.7231982 0.9876494 1.4309482 0.7488966 
Saxonellidae   1.0929346 0.6354734 0.4618204 0.5464454 0.3693574 0.3854058 0.3264886 0.0000000 0.8036877 0.6889807 0.2420800 0.7557304 0.5841314 0.7166336 1.2231218 1.4954973 1.0251572 1.1922996 1.1504478 1.0124450 0.5791618 
Microsyopidae  0.7126442 0.4589678 0.3854058 0.4576946 0.5452865 0.7730923 0.6759396 0.8036877 0.0000000 0.3444509 0.4217307 0.7224532 0.3742434 0.4811568 0.8694277 1.2293849 1.0048308 0.4911382 0.7007319 0.7858154 0.2024397 
Micromomyidae  0.6010206 0.2810201 0.4226020 0.3148904 0.7507304 0.5569704 0.4197118 0.6889807 0.3444509 0.0000000 0.5564530 1.0947192 0.6862497 0.7068387 0.7166336 0.8422528 0.8882843 0.6753265 0.9836507 0.8873773 0.3365714 
Altiatlasius   0.4217307 0.3335144 0.4849704 0.6142706 0.3831192 0.4217307 0.2523542 0.2420800 0.4217307 0.5564530 0.0000000 0.5444528 0.1468084 0.2039503 1.3955643 1.1160578 0.6912612 0.7300869 0.9312848 0.8239592 0.5285310 
Altanius       0.7052912 0.5862754 0.6242582 0.6110014 0.4949175 0.5127513 0.8012302 0.7557304 0.7224532 1.0947192 0.5444528 0.0000000 0.2983517 0.2686592 0.7997636 0.8921881 1.3550980 0.8466882 0.8466882 0.8025292 0.6116145 
Omomyidae      0.9270625 0.4315231 0.4754283 0.5558977 0.4813904 0.6872180 0.6181316 0.5841314 0.3742434 0.6862497 0.1468084 0.2983517 0.0000000 0.1623561 1.1338496 1.0902349 1.6920488 0.6523280 0.8239592 1.3544581 0.4510791 
Adapidae       0.7112476 0.5239700 0.6816418 0.4998592 0.7112476 0.6971520 0.5745262 0.7166336 0.4811568 0.7068387 0.2039503 0.2686592 0.1623561 0.0000000 1.1160578 0.8239592 1.9841474 0.7770689 0.8739777 1.3633012 0.4749368 
Elpidophorus   0.9940392 0.6412427 0.5949230 1.0397208 0.9695762 0.9413860 1.1764619 1.2231218 0.8694277 0.7166336 1.3955643 0.7997636 1.1338496 1.1160578 0.0000000 0.1610437 0.4501280 0.8012302 0.7381515 0.7020700 0.5791618 
Plagiomene     0.8572980 0.7798288 0.6305874 0.8239592 1.4467204 0.8572980 0.8971881 1.4954973 1.2293849 0.8422528 1.1160578 0.8921881 1.0902349 0.8239592 0.1610437 0.0000000 0.5056285 0.9366709 0.9978104 0.8076542 0.8239592 
Cynocephalidae 0.7634425 0.8005198 0.6889807 1.1040943 1.2338670 1.5255547 1.3736248 1.0251572 1.0048308 0.8882843 0.6912612 1.3550980 1.6920488 1.9841474 0.4501280 0.5056285 0.0000000 0.7453991 0.8913121 0.3944519 0.9913169 
Ptilocercus    0.6642677 0.7770689 0.6695702 0.6507800 0.9789199 0.7869147 0.7231982 1.1922996 0.4911382 0.6753265 0.7300869 0.8466882 0.6523280 0.7770689 0.8012302 0.9366709 0.7453991 0.0000000 0.3984259 0.6818691 0.7488966 
Tupaia         0.5326812 0.5993218 0.6734562 0.9062334 1.1085764 1.1521759 0.9876494 1.1504478 0.7007319 0.9836507 0.9312848 0.8466882 0.8239592 0.8739777 0.7381515 0.9978104 0.8913121 0.3984259 0.0000000 0.8239592 0.6642677 
Chiroptera     0.4974707 0.7020700 0.8036877 1.3486740 1.1470464 1.3438196 1.4309482 1.0124450 0.7858154 0.8873773 0.8239592 0.8025292 1.3544581 1.3633012 0.7020700 0.8076542 0.3944519 0.6818691 0.8239592 0.0000000 0.8489615 
Berruvius      0.6142706 0.2695305 0.2892469 0.4197118 0.6300287 0.7329386 0.7488966 0.5791618 0.2024397 0.3365714 0.5285310 0.6116145 0.4510791 0.4749368 0.5791618 0.8239592 0.9913169 0.7488966 0.6642677 0.8489615 0.0000000 
