14
Eutretauranosuchus       0.0000000 0.1367412 0.1252906 0.2326162 1.9685014 9.0000000 9.0000000 9.0000000 1.0297869 1.2070784 0.8239592 0.4408400 0.5716050 2.6223807 
Elosuchus                0.1367412 0.0000000 0.1202570 0.2635484 2.7476712 9.0000000 9.0000000 9.0000000 1.2070784 1.7635314 0.6626257 0.5716050 0.6181316 9.0000000 
Sarcosuchus              0.1252906 0.1202570 0.0000000 0.2326162 9.0000000 9.0000000 9.0000000 9.0000000 1.6479184 1.7515312 0.8239592 0.6181316 0.8239592 9.0000000 
Terminonaris             0.2326162 0.2635484 0.2326162 0.0000000 1.1160578 9.0000000 9.0000000 3.1755799 0.6912612 0.8739777 0.5106578 0.8990218 1.5276614 0.8239592 
Arambourgisuchus         1.9685014 2.7476712 9.0000000 1.1160578 0.0000000 0.4042474 0.4408400 0.6626257 0.3040988 0.2795065 1.0124450 1.7984215 0.6081977 0.2326162 
Hyposaurus               9.0000000 9.0000000 9.0000000 9.0000000 0.4042474 0.0000000 0.2440668 0.6227612 0.4769916 0.4769916 0.8775534 1.0506699 0.5198604 0.3469676 
Rhabdognathus_aslerensis 9.0000000 9.0000000 9.0000000 9.0000000 0.4408400 0.2440668 0.0000000 0.1584818 0.7166336 0.8864954 1.5276614 1.8252100 0.7300869 0.4408400 
Rhabdognathus_keiniensis 9.0000000 9.0000000 9.0000000 3.1755799 0.6626257 0.6227612 0.1584818 0.0000000 0.7166336 0.7083462 1.6479184 1.3089296 2.4718776 0.4408400 
Dyrosaurus_phosphaticus  1.0297869 1.2070784 1.6479184 0.6912612 0.3040988 0.4769916 0.7166336 0.7166336 0.0000000 0.0631953 0.3439312 0.7614230 0.5531992 0.0652585 
Dyrosaurus_maghribensis  1.2070784 1.7635314 1.7515312 0.8739777 0.2795065 0.4769916 0.8864954 0.7083462 0.0631953 0.0000000 0.4197118 0.8921881 0.6354734 0.0652585 
Chenanisuchus_lateroculi 0.8239592 0.6626257 0.8239592 0.5106578 1.0124450 0.8775534 1.5276614 1.6479184 0.3439312 0.4197118 0.0000000 0.4673914 0.7488966 0.3960506 
Sokotosuchus             0.4408400 0.5716050 0.6181316 0.8990218 1.7984215 1.0506699 1.8252100 1.3089296 0.7614230 0.8921881 0.4673914 0.0000000 0.1279691 1.3438196 
Phosphatosaurus          0.5716050 0.6181316 0.8239592 1.5276614 0.6081977 0.5198604 0.7300869 2.4718776 0.5531992 0.6354734 0.7488966 0.1279691 0.0000000 0.6354734 
Congosaurus              2.6223807 9.0000000 9.0000000 0.8239592 0.2326162 0.3469676 0.4408400 0.4408400 0.0652585 0.0652585 0.3960506 1.3438196 0.6354734 0.0000000 
