80
Seymouriidae               0.0000000 0.1407576 0.1417280 0.1338164 0.2115944 0.2507355 0.4790156 0.6144145 0.7763217 1.2660864 1.2500123 1.2216320 1.2435710 1.1850117 1.1850117 0.1480446 0.2148585 0.2215568 0.3804891 0.4107157 0.5916876 0.9256458 0.8503961 0.8461186 0.7504018 0.6637094 0.7383655 0.8525053 1.1509794 0.7817369 0.8730596 0.9217332 1.0113925 1.0260449 0.9911129 0.9096036 0.7928133 0.7504018 0.9663709 0.9909054 0.8725785 0.8730596 0.1853341 1.0319767 0.1853341 0.9416677 1.1129813 1.1559035 1.2396963 1.1173958 0.8174751 0.6254408 0.8002543 0.8681789 0.9193062 0.9340823 0.8692920 0.8354683 0.7576177 0.8498693 0.8498693 0.6612861 0.2682116 0.2572325 0.5954749 0.5720526 0.5098269 0.5336858 0.5320772 0.4627394 0.7336648 0.6244707 0.7730589 0.6438720 0.7079474 0.6043915 0.5985331 0.3931344 0.4075060 0.3051700 
Diadectomorpha             0.1407576 0.0000000 0.1946485 0.1672702 0.2360674 0.2456605 0.4390724 0.5899347 0.7360645 1.1169806 1.0979433 1.0959638 1.1169806 1.0068703 1.0068703 0.2026654 0.2693785 0.2955776 0.4320979 0.4732016 0.5811192 0.9936316 0.7579824 0.8397493 0.9152920 0.6594073 0.7235539 0.8168148 1.1882523 0.7241415 0.7725024 0.9080499 0.9992752 0.9992752 1.0154700 0.9768374 0.7580794 0.7024532 0.7817369 0.8918987 0.8430368 0.9583117 0.1853341 0.9871904 0.1853341 0.8920581 1.0979433 1.0749195 1.1570800 1.1421503 0.7504018 0.5730651 0.8064674 0.9046630 0.9501965 0.9653293 0.9629378 0.9205026 0.8758113 0.9692856 0.9692856 0.7140694 0.2723653 0.2764013 0.6047740 0.5761965 0.5117984 0.5797442 0.5258462 0.4628083 0.6900754 0.5423193 0.7024532 0.6992139 0.6278100 0.7031723 0.6040930 0.4277067 0.4062282 0.3159867 
Casea                      0.1417280 0.1946485 0.0000000 0.0423118 0.1025111 0.1190027 0.3515375 0.5104360 0.7182264 0.9895652 0.9884101 0.9557580 0.9724949 1.0200124 0.9812961 0.1759809 0.1989774 0.2009149 0.3920142 0.4105339 0.5582572 0.9830836 0.8395911 0.7504018 0.7504018 0.6887666 0.7079474 0.8480683 1.1509794 0.7268863 0.8730596 0.9108688 0.9721020 0.9866831 0.9805889 0.8968013 0.7432461 0.7060022 0.7871046 0.8953243 0.7690650 0.7984785 0.1853341 1.0203599 0.1853341 0.9479935 1.1644218 1.1334642 1.2173108 1.0945044 0.9645262 0.5993847 0.8262161 0.8546768 0.9475858 0.8822664 0.8072947 0.8388929 0.7885033 0.8727613 0.8727613 0.6970512 0.2327449 0.2115944 0.5787070 0.5647647 0.4891384 0.5177414 0.5046149 0.4643105 0.7330183 0.5818985 0.7579824 0.6819243 0.7441420 0.6015991 0.5970920 0.2923457 0.3246830 0.2838150 
Ophiacodon_retroversus     0.1338164 0.1672702 0.0423118 0.0000000 0.1308587 0.1128387 0.3239489 0.4675305 0.7185679 1.1245164 1.1271615 1.0862935 1.1051919 1.0631895 1.0243479 0.1753665 0.1742228 0.1922918 0.3831841 0.3635633 0.5582572 0.9496412 0.8456797 0.8095385 0.7504018 0.6237157 0.6852496 0.8240667 1.1509794 0.7048791 0.7801814 0.8102765 0.8727613 0.8981869 0.8924583 0.8546768 0.7717173 0.7285956 0.8074299 0.8707891 0.7774921 0.8580976 0.1853341 1.0319767 0.1853341 0.9583117 1.1355508 1.1799707 1.2674294 1.1403548 0.9609301 0.6328209 0.8067601 0.8582434 0.8897037 0.8981869 0.8592747 0.8049302 0.7577955 0.8281609 0.8281609 0.6390407 0.2277456 0.2120005 0.6264750 0.5992206 0.5173157 0.5388074 0.5319227 0.4597463 0.6788334 0.5621487 0.7579824 0.6594073 0.6715982 0.5546599 0.5524463 0.2955776 0.2795386 0.2767089 
Edaphosauridae             0.2115944 0.2360674 0.1025111 0.1308587 0.0000000 0.1100594 0.3184830 0.4514654 0.6855059 0.8989204 0.8788629 0.8670865 0.8828557 0.9362598 0.9362598 0.2352676 0.2550295 0.2627767 0.4156151 0.4444822 0.5353422 0.8522162 0.6687073 0.6645282 0.6121719 0.5992742 0.6155558 0.7099903 1.2892092 0.6825698 0.7408551 0.7801814 0.8173390 0.8561806 0.8500991 0.7742602 0.7080900 0.6991357 0.7009472 0.7504018 0.7312622 0.7504018 0.1853341 0.9343102 0.1853341 0.7760447 1.0108489 0.9837158 1.0037720 0.9143097 0.6477150 0.5424918 0.6668089 0.7620186 0.7740253 0.7158150 0.6514815 0.6353970 0.5995001 0.7221639 0.7221639 0.5128875 0.2330860 0.2741583 0.4164301 0.4195043 0.3589495 0.4031475 0.4113891 0.3721502 0.6252984 0.5568532 0.6985020 0.6386431 0.6811455 0.5569502 0.5894551 0.4421905 0.3833439 0.3537753 
Sphenacodontidae           0.2507355 0.2456605 0.1190027 0.1128387 0.1100594 0.0000000 0.2538759 0.4126477 0.6216304 0.9946088 0.9936316 0.9619961 0.9781473 1.0055678 0.9343102 0.2552867 0.2525578 0.2402588 0.4012832 0.4336226 0.5045438 0.8442454 0.7175210 0.7733477 0.6121719 0.6532629 0.6594073 0.7629938 1.1509794 0.6785034 0.7057820 0.7095314 0.8052150 0.8281609 0.8582434 0.8227003 0.7104389 0.7362338 0.7238510 0.8042311 0.6590923 0.8259223 0.1853341 1.0096706 0.1853341 0.9477829 1.0679787 1.0744806 1.1129813 1.0717189 0.7891597 0.5591359 0.7397539 0.7822921 0.8870541 0.8637743 0.7825771 0.7577055 0.7433304 0.8320962 0.8320962 0.7099903 0.2701340 0.3063400 0.6341288 0.6066394 0.5552688 0.5787510 0.5123152 0.4722623 0.6549812 0.5260818 0.7147883 0.7103754 0.6576473 0.5657413 0.5388074 0.3886923 0.3747547 0.3418081 
Gorgonopsia                0.4790156 0.4390724 0.3515375 0.3239489 0.3184830 0.2538759 0.0000000 0.2075486 0.4072672 0.6818650 0.6498683 0.6582415 0.6699719 0.6687073 0.6182726 0.4398187 0.4246995 0.4112283 0.4474276 0.4846178 0.4411409 0.6825698 0.5658570 0.6710250 0.6739179 0.5433928 0.6001624 0.6100586 0.9274997 0.6311029 0.6654934 0.6596722 0.6911056 0.7338190 0.7066764 0.6752867 0.6237157 0.6711612 0.5321763 0.6918424 0.5359925 0.6380918 0.2277456 0.6144145 0.2277456 0.7932460 0.7504018 0.7686859 0.7941385 0.8407108 0.7235539 0.5249021 0.6395757 0.5811192 0.6512902 0.6549812 0.6264750 0.5997468 0.6294198 0.5954318 0.5954318 0.6862007 0.4256490 0.4516387 0.6428658 0.6318088 0.6611995 0.6320404 0.5264561 0.5086827 0.5097489 0.4173927 0.5388074 0.6115307 0.6001624 0.5272280 0.5068838 0.4171331 0.5078319 0.4603213 
Procynosuchus              0.6144145 0.5899347 0.5104360 0.4675305 0.4514654 0.4126477 0.2075486 0.0000000 0.2881009 0.5388074 0.5593212 0.5192944 0.5289954 0.5974549 0.5519897 0.5903251 0.5954318 0.5172365 0.5199486 0.5715089 0.5818985 0.7504018 0.6291164 0.6109334 0.7504018 0.5678011 0.5897862 0.5408151 0.6739179 0.5758884 0.5567096 0.6374692 0.6338158 0.6243891 0.6380918 0.6098540 0.6264750 0.6607164 0.5258993 0.6505661 0.5167068 0.6525074 0.1853341 0.6713985 0.1853341 0.8292851 0.7216221 0.6940435 0.7158150 0.7328487 0.6662502 0.5072991 0.6975216 0.6502881 0.6494449 0.6680056 0.6121719 0.6264750 0.6419050 0.6183805 0.6183805 0.5764525 0.5365099 0.5926547 0.7054477 0.7141739 0.7665530 0.7393621 0.6328209 0.6278833 0.5792189 0.4221227 0.6322277 0.7210591 0.6397296 0.5926547 0.6089048 0.4774414 0.5421622 0.5619203 
Morganucodon               0.7763217 0.7360645 0.7182264 0.7185679 0.6855059 0.6216304 0.4072672 0.2881009 0.0000000 0.3188635 0.3217996 0.3018658 0.2934917 0.3308974 0.3118792 0.7192295 0.7504018 0.6399192 0.6424287 0.6894624 0.5739572 0.6825698 0.7809394 0.6679044 0.6121719 0.6189173 0.6598980 0.6012100 0.6997541 0.6231846 0.6778823 0.6817064 0.6582415 0.6239838 0.6177404 0.6066394 0.6235588 0.6078407 0.6032740 0.6488031 0.4692303 0.4840852 0.1853341 0.6440709 0.1853341 0.8144505 0.7504018 0.7099903 0.7573664 0.7164030 0.7216221 0.6755101 0.7441420 0.7195501 0.7567076 0.8306385 0.7315627 0.6603395 0.7088712 0.7075138 0.7075138 0.7969248 0.7419331 0.7653461 0.8231727 0.7891597 0.8447731 0.9023317 0.7374565 0.7504018 0.7175210 0.4469949 0.6041748 0.8022374 0.7363991 0.7219631 0.8110331 0.7140694 0.8019194 0.5666952 
Glyptodon_reticulatus      1.2660864 1.1169806 0.9895652 1.1245164 0.8989204 0.9946088 0.6818650 0.5388074 0.3188635 0.0000000 0.0185479 0.0273372 0.0181276 0.2020477 0.1832676 1.1077700 1.1912972 1.0357302 0.9798999 0.9471446 0.6724983 0.7011406 0.7099903 0.7318539 0.6431191 0.6801871 0.6900754 0.6487397 0.6770373 0.6978525 0.7029588 0.7219631 0.7028753 0.7341191 0.7234333 0.6719156 0.5669637 0.5365099 0.5598981 0.6172936 0.5542519 0.6838249 0.3390127 0.7661296 0.4221227 0.6636405 0.5306050 0.4956698 0.5240209 0.5176423 0.5283086 0.7504018 0.6725946 0.6254408 0.6634819 0.6825698 0.6150650 0.5747050 0.6193381 0.6778823 0.6778823 0.7312622 0.9178566 1.1000493 0.7563928 0.7729171 0.7960399 0.8225887 0.8240667 0.8370834 0.6438720 0.7504018 0.4721965 0.8088185 0.8160076 0.7791126 0.8730596 0.9066774 1.0021970 0.8650564 
Glyptotherium              1.2500123 1.0979433 0.9884101 1.1271615 0.8788629 0.9936316 0.6498683 0.5593212 0.3217996 0.0185479 0.0000000 0.0375060 0.0233568 0.1960658 0.1768445 1.0906793 1.1743147 1.0206877 0.9781473 0.9057756 0.6083884 0.7011406 0.6957135 0.7044137 0.5941262 0.6858165 0.6950830 0.6128623 0.6770373 0.6671606 0.6825698 0.6793552 0.6759529 0.7066764 0.6960850 0.6604118 0.5540280 0.5271681 0.5262593 0.5739572 0.5706413 0.6197144 0.2815749 0.7048791 0.3565169 0.6674024 0.4956698 0.4704836 0.4983529 0.4918707 0.4801960 0.7703032 0.6558177 0.5811192 0.6468277 0.6658262 0.5981036 0.5460495 0.5832070 0.6414942 0.6414942 0.7211544 0.8930224 1.0661936 0.7443927 0.7676355 0.7676355 0.8240667 0.8190098 0.7696642 0.5941262 0.6785034 0.4257188 0.8028854 0.7949112 0.7431597 0.8354683 0.8953243 0.9263155 0.8463314 
Doedicurus_giganteus       1.2216320 1.0959638 0.9557580 1.0862935 0.8670865 0.9619961 0.6582415 0.5192944 0.3018658 0.0273372 0.0375060 0.0000000 0.0227200 0.2277456 0.2020477 1.0708412 1.1702065 1.0171248 0.9591017 0.9281264 0.6514815 0.7177003 0.7167840 0.7411496 0.6211250 0.7075867 0.7136989 0.6436500 0.6121719 0.6692102 0.6942194 0.7291115 0.7082140 0.7395615 0.7288567 0.6772504 0.5624352 0.5095856 0.5555444 0.6230376 0.5619203 0.6133886 0.2688493 0.7201719 0.2277456 0.6636405 0.5104360 0.4758669 0.5033303 0.4969873 0.5026107 0.7252427 0.6582415 0.6031016 0.6785034 0.6582415 0.6110226 0.5341617 0.5888514 0.6538122 0.6538122 0.7036976 0.8975511 1.0781902 0.7269628 0.7339704 0.7339704 0.7796017 0.7965414 0.8170491 0.6230376 0.7262553 0.4721965 0.7791126 0.7862279 0.7504018 0.8407108 0.9066774 0.9663709 0.8430368 
Panochthus_frenzelianus    1.2435710 1.1169806 0.9724949 1.1051919 0.8828557 0.9781473 0.6699719 0.5289954 0.2934917 0.0181276 0.0233568 0.0227200 0.0000000 0.2020477 0.1957419 1.0891067 1.1912972 1.0357302 0.9798999 0.9471446 0.6514815 0.7336648 0.7367185 0.7504018 0.6431191 0.7143604 0.7195501 0.6375351 0.6313991 0.6758206 0.6846933 0.6944378 0.6825698 0.7128790 0.7024532 0.6521454 0.5452234 0.5027661 0.5492879 0.5969881 0.5673383 0.6627342 0.2277456 0.7048791 0.2955776 0.6755101 0.5204612 0.4857112 0.5136132 0.5072526 0.5283086 0.7377299 0.6529859 0.5979785 0.6538122 0.6825698 0.6058413 0.5506070 0.5817930 0.6485873 0.6485873 0.7125407 0.9178566 1.1000493 0.7685020 0.7844006 0.7844006 0.8352338 0.8101936 0.8370834 0.6380918 0.7262553 0.4541834 0.7938369 0.8009884 0.7646370 0.8407108 0.9416677 1.0021970 0.8430368 
Dasypus_novemcinctus       1.1850117 1.0068703 1.0200124 1.0631895 0.9362598 1.0055678 0.6687073 0.5974549 0.3308974 0.2020477 0.1960658 0.2277456 0.2020477 0.0000000 0.0179164 0.9416677 1.0597110 1.0157709 0.9574534 0.9205026 0.7381191 0.6505661 0.7274851 0.6264750 0.4931693 0.6477150 0.6894624 0.5697045 0.5388074 0.5528101 0.5832070 0.5619203 0.7990695 0.8135408 0.8135408 0.8135408 0.5582572 0.5283086 0.5000985 0.5878352 0.4611411 0.5242263 0.3110619 0.6451383 0.3976811 0.8016053 0.8234259 0.8136994 0.7924417 0.7608095 0.5591359 0.8773941 0.6920053 0.7291618 0.7082880 0.7082880 0.6484140 0.6916338 0.7286615 0.7043495 0.7043495 0.6549812 0.8558819 1.0183864 0.6992139 0.7083723 0.7442699 0.7766047 0.7866610 0.8845036 0.7307395 0.7375947 0.5579035 0.7978447 0.7205480 0.8480683 0.8932894 0.8420922 0.9128049 0.7292367 
Zaedyus_pichiy             1.1850117 1.0068703 0.9812961 1.0243479 0.9362598 0.9343102 0.6182726 0.5519897 0.3118792 0.1832676 0.1768445 0.2020477 0.1957419 0.0179164 0.0000000 0.9416677 1.0203599 0.9575903 0.9139659 0.8796785 0.7140694 0.6505661 0.6834117 0.6264750 0.4931693 0.6329545 0.6637094 0.5475221 0.5388074 0.5815209 0.5644269 0.5619203 0.7810508 0.7950215 0.7950215 0.7950215 0.5460495 0.5026107 0.4781193 0.5661734 0.4375176 0.4888230 0.2507355 0.6451383 0.3282791 0.8322991 0.7913652 0.7814664 0.7607200 0.7504018 0.5255181 0.8548788 0.7248861 0.7291618 0.7248861 0.7165469 0.6639384 0.7020235 0.7286615 0.7043495 0.7043495 0.6752867 0.8160076 1.0183864 0.7244258 0.7083723 0.7442699 0.8036340 0.7575319 0.8845036 0.7052057 0.7125407 0.5718087 0.7659261 0.6916991 0.7817369 0.8400966 0.8420922 0.8739633 0.7504018 
Captorhinidae              0.1480446 0.2026654 0.1759809 0.1753665 0.2352676 0.2552867 0.4398187 0.5903251 0.7192295 1.1077700 1.0906793 1.0708412 1.0891067 0.9416677 0.9416677 0.0000000 0.1144555 0.1117387 0.3054934 0.3123718 0.5356353 0.8718165 0.8971003 0.8461186 0.9152920 0.5974549 0.6428658 0.7694603 1.1509794 0.6711612 0.7982229 0.7933190 0.8759821 0.8517380 0.8227003 0.7997982 0.6975216 0.7152062 0.8206165 0.8550935 0.8330978 0.8095385 0.1853341 0.9060965 0.1853341 0.8147281 0.9856334 0.9918562 1.0256207 0.9520827 0.6894624 0.5626794 0.7504018 0.7715296 0.8507949 0.8281609 0.7609933 0.7216221 0.6431191 0.7349573 0.7349573 0.6144145 0.2356874 0.1554059 0.5405781 0.5226562 0.4684096 0.4861593 0.4494599 0.4090790 0.7062744 0.6325695 0.7143604 0.5941262 0.6300327 0.5941262 0.5407131 0.3789998 0.3886923 0.2789335 
Araeoscelidia              0.2148585 0.2693785 0.1989774 0.1742228 0.2550295 0.2525578 0.4246995 0.5954318 0.7504018 1.1912972 1.1743147 1.1702065 1.1912972 1.0597110 1.0203599 0.1144555 0.0000000 0.1025111 0.2513866 0.1952434 0.4221227 0.7070712 0.7434128 0.8107282 0.8343850 0.5591359 0.5824244 0.6811455 0.8343850 0.6540636 0.7407008 0.7798164 0.7840824 0.7394627 0.7125407 0.7339704 0.7363991 0.7212728 0.8081159 0.7151373 0.7682330 0.6937774 0.1853341 0.8374330 0.1853341 0.8707891 1.0727314 1.0794733 1.1196443 1.1057711 0.6722566 0.5233938 0.6619735 0.6634819 0.7028753 0.7074590 0.6772504 0.6235588 0.5766685 0.6442503 0.6442503 0.5521856 0.2701340 0.2132286 0.7562755 0.6979837 0.6161886 0.6450060 0.5267400 0.4322837 0.6675788 0.5941262 0.6711612 0.5312268 0.5528101 0.5289954 0.4715670 0.3417172 0.3357187 0.3328891 
Paleothyris_acadiana       0.2215568 0.2955776 0.2009149 0.1922918 0.2627767 0.2402588 0.4112283 0.5172365 0.6399192 1.0357302 1.0206877 1.0171248 1.0357302 1.0157709 0.9575903 0.1117387 0.1025111 0.0000000 0.3059601 0.2723653 0.5354952 0.7070712 0.8193605 0.7619072 0.6121719 0.5758884 0.6051862 0.7365606 0.8343850 0.7088712 0.7834637 0.7900128 0.7923892 0.7923892 0.7622480 0.7445680 0.7430712 0.6971865 0.9108688 0.8160076 0.8370834 0.7960399 0.1853341 1.0203599 0.1853341 0.8985861 0.9645262 0.9461436 1.0389861 0.9645262 0.6525074 0.4953723 0.7387171 0.7167840 0.7678021 0.7621322 0.6997541 0.6862007 0.6156292 0.6844352 0.6844352 0.5802337 0.2442070 0.1952434 0.6799120 0.6431191 0.5792189 0.6218489 0.5572981 0.4803622 0.6585357 0.5888514 0.6808208 0.5636196 0.6136075 0.5579810 0.4919287 0.2990110 0.3475415 0.3154132 
Claudiosaurus_germaini     0.3804891 0.4320979 0.3920142 0.3831841 0.4156151 0.4012832 0.4474276 0.5199486 0.6424287 0.9798999 0.9781473 0.9591017 0.9798999 0.9574534 0.9139659 0.3054934 0.2513866 0.3059601 0.0000000 0.1815806 0.2715760 0.5560246 0.6329545 0.5906489 1.0319767 0.4931693 0.5201442 0.4293779 0.7504018 0.5018261 0.6421500 0.5941262 0.5780442 0.5892698 0.5669637 0.5605084 0.5497465 0.5962452 0.6505661 0.5836731 0.5068037 0.4484984 0.1853341 0.5104360 0.1853341 0.7577055 0.7578878 0.7577955 0.7885033 0.8545993 0.4712302 0.4314179 0.5624352 0.5492879 0.6251795 0.5733942 0.5751830 0.5189999 0.4592802 0.4981218 0.4981218 0.3498242 0.3837531 0.3152901 0.6957135 0.6563126 0.6747224 0.6399192 0.4714683 0.4036434 0.4159467 0.2277456 0.4527577 0.4287198 0.4429571 0.4017828 0.3044468 0.3646849 0.3962921 0.4654532 
Younginiformes             0.4107157 0.4732016 0.4105339 0.3635633 0.4444822 0.4336226 0.4846178 0.5715089 0.6894624 0.9471446 0.9057756 0.9281264 0.9471446 0.9205026 0.8796785 0.3123718 0.1952434 0.2723653 0.1815806 0.0000000 0.2651638 0.5388074 0.5883541 0.5870129 1.0319767 0.4636533 0.4865416 0.5000985 0.5832070 0.5333104 0.6904772 0.6558177 0.5925996 0.5715089 0.5550901 0.5149490 0.7262553 0.7255896 0.6719156 0.5475221 0.5818985 0.4393399 0.1853341 0.5207072 0.1853341 0.7992238 0.8528378 0.8445288 0.8613256 0.8699984 0.7373154 0.3544820 0.5248094 0.5388074 0.5880686 0.5972039 0.5671980 0.5226562 0.4698487 0.5289954 0.5289954 0.4619970 0.3967048 0.2700396 0.8741779 0.8024785 0.7694603 0.7705257 0.4943459 0.3967048 0.4626813 0.3417172 0.5283086 0.2997399 0.3557178 0.3382750 0.2553940 0.4017828 0.4122623 0.3950847 
Kuehneosauridae            0.5916876 0.5811192 0.5582572 0.5582572 0.5353422 0.5045438 0.4411409 0.5818985 0.5739572 0.6724983 0.6083884 0.6514815 0.6514815 0.7381191 0.7140694 0.5356353 0.4221227 0.5354952 0.2715760 0.2651638 0.0000000 0.7504018 0.5074723 0.5199486 1.2892092 0.4278836 0.4538724 0.4119874 0.6121719 0.3572269 0.4295256 0.4955621 0.4505613 0.4362241 0.4127695 0.3945974 0.5512601 0.6627342 0.6414942 0.5838915 0.5088151 0.5460495 0.1853341 0.7167840 0.1853341 0.9220526 0.7276300 0.7280541 0.6838249 0.7621322 0.4221227 0.3995055 0.3811593 0.3731298 0.4082496 0.3989284 0.3853072 0.2626065 0.2750638 0.3260222 0.3260222 0.3853072 0.4661345 0.5053770 1.0561232 0.9825803 0.9416677 0.9186041 0.4950707 0.4569101 0.3202706 0.2306817 0.3676579 0.3475415 0.3721502 0.2474752 0.1948777 0.5167068 0.5596057 0.5388074 
Coahomasuchus_kahleorum    0.9256458 0.9936316 0.9830836 0.9496412 0.8522162 0.8442454 0.6825698 0.7504018 0.6825698 0.7011406 0.7011406 0.7177003 0.7336648 0.6505661 0.6505661 0.8718165 0.7070712 0.7070712 0.5560246 0.5388074 0.7504018 0.0000000 0.1408312 0.0839832 0.1388711 0.2277456 0.2688493 0.1880253 0.1957419 0.3692425 0.3390127 0.4658321 0.3580587 0.3449001 0.3397374 0.3397374 0.5750353 0.5214071 0.5706413 0.4075060 0.3537753 0.5161503 0.5104360 0.5301306 0.4669090 0.5081136 0.4599241 0.4732016 0.4221227 0.5675871 0.2115944 0.7070712 0.4770614 0.3959198 0.3767802 0.4090790 0.3767802 0.3260222 0.3586976 0.4021551 0.3826420 0.4580561 0.8384988 0.9080499 0.7657279 0.6668089 0.7649829 0.7216221 0.7504018 0.7801814 0.6054792 0.5941262 0.4680403 0.6049762 0.5242263 0.4110626 0.3759577 0.4498387 1.0021970 0.9645262 
Desmatosuchus_haplocerus   0.8503961 0.7579824 0.8395911 0.8456797 0.6687073 0.7175210 0.5658570 0.6291164 0.7809394 0.7099903 0.6957135 0.7167840 0.7367185 0.7274851 0.6834117 0.8971003 0.7434128 0.8193605 0.6329545 0.5883541 0.5074723 0.1408312 0.0000000 0.1044770 0.2020477 0.2637437 0.2616557 0.2862910 0.2877701 0.4189573 0.3301075 0.3804891 0.3444564 0.3834813 0.3962921 0.3834813 0.4619970 0.4906188 0.4099521 0.4136421 0.3829258 0.5057455 0.4221227 0.4638265 0.3759577 0.5744209 0.6637094 0.6677690 0.6419050 0.7727772 0.4677113 0.4571130 0.4793257 0.4066783 0.3736919 0.4378505 0.4273836 0.4288417 0.4524034 0.4724572 0.4596454 0.5388074 0.5897079 0.7347560 0.6852496 0.6541297 0.7114882 0.6992745 0.6291164 0.6131043 0.4558349 0.4880168 0.5231383 0.5435374 0.5149490 0.4566896 0.3976811 0.7742602 0.8146029 0.8390416 
Typothorax_coccinarum      0.8461186 0.8397493 0.7504018 0.8095385 0.6645282 0.7733477 0.6710250 0.6109334 0.6679044 0.7318539 0.7044137 0.7411496 0.7504018 0.6264750 0.6264750 0.8461186 0.8107282 0.7619072 0.5906489 0.5870129 0.5199486 0.0839832 0.1044770 0.0000000 0.1598545 0.2782809 0.2680143 0.2525578 0.2602992 0.3824368 0.3507944 0.4421905 0.3837531 0.4024433 0.3872679 0.3872679 0.5850317 0.6576473 0.5629539 0.4401957 0.3475415 0.5118908 0.5832070 0.5026107 0.5388074 0.6576473 0.7140694 0.6881983 0.6289870 0.8480683 0.7504018 0.5275185 0.5611551 0.4931693 0.3829258 0.4261134 0.3944978 0.4154965 0.4425666 0.4467146 0.4343304 0.4986065 0.6380918 0.7504018 0.7893695 0.7241415 0.8343850 0.7687792 0.6838249 0.7504018 0.5567096 0.5516145 0.6121719 0.5118908 0.4863238 0.3824368 0.3498242 0.5255181 0.8670865 0.8634179 
Paratypothorax_andressorum 0.7504018 0.9152920 0.7504018 0.7504018 0.6121719 0.6121719 0.6739179 0.7504018 0.6121719 0.6431191 0.5941262 0.6211250 0.6431191 0.4931693 0.4931693 0.9152920 0.8343850 0.6121719 1.0319767 1.0319767 1.2892092 0.1388711 0.2020477 0.1598545 0.0000000 0.2955776 0.3339717 0.2507355 0.3811593 0.3143577 0.2137592 0.3523167 0.4005776 0.4110626 0.4005776 0.4005776 0.4698487 0.4880168 0.5636196 0.6211250 0.5941262 0.5104360 0.4669090 0.6197144 0.4931693 0.3475415 0.5038171 0.4931693 0.4931693 0.4221227 0.2277456 0.7504018 0.4221227 0.3523167 0.3194360 0.3886923 0.2877701 0.2772001 0.2344608 0.3031200 0.3282791 0.3165944 0.9781473 1.2892092 0.5636196 0.5880686 0.5226562 0.5468235 0.7504018 0.8953243 0.6431191 1.7823785 0.6197144 0.4931693 0.4931693 0.4931693 0.5388074 0.2955776 0.9416677 0.7504018 
Pseudopalatus              0.6637094 0.6594073 0.6887666 0.6237157 0.5992742 0.6532629 0.5433928 0.5678011 0.6189173 0.6801871 0.6858165 0.7075867 0.7143604 0.6477150 0.6329545 0.5974549 0.5591359 0.5758884 0.4931693 0.4636533 0.4278836 0.2277456 0.2637437 0.2782809 0.2955776 0.0000000 0.0441816 0.2764013 0.2073941 0.3797967 0.3094400 0.3376322 0.3203947 0.3443492 0.3223296 0.3061256 0.4414784 0.3783404 0.4418280 0.4426767 0.3458948 0.4146831 0.4931693 0.4548242 0.6066394 0.6137494 0.6721020 0.6353970 0.6220486 0.6477150 0.5972039 0.4750612 0.4502678 0.4112283 0.4083893 0.4112283 0.4057511 0.3875359 0.4035173 0.4059932 0.3976811 0.3865093 0.5093205 0.6072126 0.7079474 0.6935089 0.7387171 0.7817369 0.6646631 0.5361890 0.4931693 0.4469949 0.5432568 0.4833181 0.5462903 0.4433627 0.3906231 0.6549812 0.6549812 0.7607200 
Rutiodon                   0.7383655 0.7235539 0.7079474 0.6852496 0.6155558 0.6594073 0.6001624 0.5897862 0.6598980 0.6900754 0.6950830 0.7136989 0.7195501 0.6894624 0.6637094 0.6428658 0.5824244 0.6051862 0.5201442 0.4865416 0.4538724 0.2688493 0.2616557 0.2680143 0.3339717 0.0441816 0.0000000 0.2316287 0.1853341 0.3850182 0.2819357 0.3084751 0.3080518 0.3160322 0.3096863 0.3017920 0.4165178 0.3818082 0.4805964 0.4454856 0.3548116 0.4163395 0.4931693 0.4603213 0.6066394 0.5732192 0.6033428 0.5574513 0.5512601 0.5751830 0.5848597 0.4829737 0.4774414 0.4125226 0.4076993 0.4342760 0.4148807 0.4097450 0.4070204 0.3938849 0.3865093 0.4065682 0.4931693 0.6291164 0.7393621 0.6758206 0.7609006 0.7892793 0.6526416 0.5633490 0.4608640 0.4498387 0.5222094 0.4758669 0.5344326 0.4067652 0.3915072 0.6960850 0.6970512 0.8276244 
Protosuchus_richardsoni    0.8525053 0.8168148 0.8480683 0.8240667 0.7099903 0.7629938 0.6100586 0.5408151 0.6012100 0.6487397 0.6128623 0.6436500 0.6375351 0.5697045 0.5475221 0.7694603 0.6811455 0.7365606 0.4293779 0.5000985 0.4119874 0.1880253 0.2862910 0.2525578 0.2507355 0.2764013 0.2316287 0.0000000 0.2330860 0.2713008 0.1331082 0.2277456 0.1871670 0.1992394 0.2048653 0.2162291 0.4070204 0.4741148 0.4101524 0.3823541 0.3560988 0.3104111 0.4433627 0.3574891 0.4669090 0.6289870 0.6213902 0.6303953 0.6071381 0.6908080 0.4287198 0.5149490 0.3800437 0.3927441 0.3734873 0.4097027 0.3927441 0.3106831 0.3042294 0.2971907 0.2971907 0.3324889 0.5777210 0.7719727 0.7621322 0.7395615 0.7725024 0.8277201 0.6832602 0.6463434 0.4008921 0.3535707 0.3591684 0.5388074 0.4355308 0.3217996 0.3188635 0.6190630 0.8174751 0.9350995 
Akanthosuchus_langstoni    1.1509794 1.1882523 1.1509794 1.1509794 1.2892092 1.1509794 0.9274997 0.6739179 0.6997541 0.6770373 0.6770373 0.6121719 0.6313991 0.5388074 0.5388074 1.1509794 0.8343850 0.8343850 0.7504018 0.5832070 0.6121719 0.1957419 0.2877701 0.2602992 0.3811593 0.2073941 0.1853341 0.2330860 0.0000000 0.0378610 0.3811593 0.1604670 0.1464421 0.1732493 0.1695649 0.1695649 0.3376322 0.2277456 0.3523167 0.4461724 0.3428957 0.2955776 0.1648902 0.3057214 0.2955776 0.9416677 0.7167840 0.6414942 0.6414942 0.7504018 0.4221227 0.4784810 0.3787138 0.3692425 0.4005776 0.3906231 0.4110626 0.2277456 0.3087502 0.3811593 0.4005776 0.4221227 0.8670865 1.0076343 0.7504018 0.7271895 0.6825698 0.6627342 1.2389856 1.2892092 0.4835615 0.6950830 0.4221227 0.5388074 0.4784810 0.2277456 0.3328891 0.0000010 0.7504018 1.1626641 
Simosuchus_clarki          0.7817369 0.7241415 0.7268863 0.7048791 0.6825698 0.6785034 0.6311029 0.5758884 0.6231846 0.6978525 0.6671606 0.6692102 0.6758206 0.5528101 0.5815209 0.6711612 0.6540636 0.7088712 0.5018261 0.5333104 0.3572269 0.3692425 0.4189573 0.3824368 0.3143577 0.3797967 0.3850182 0.2713008 0.0378610 0.0000000 0.2562837 0.2323077 0.2237002 0.2386846 0.2250325 0.1983637 0.4122623 0.4252275 0.3804367 0.3463452 0.2898111 0.1797605 0.2277456 0.2688493 0.3565169 0.6451383 0.6503524 0.6862007 0.6477150 0.7252427 0.6037033 0.5611551 0.4653863 0.4103463 0.4493771 0.4430141 0.4191634 0.3898782 0.3933890 0.3441107 0.3592673 0.4385616 0.5678972 0.6920053 0.6927185 0.6894624 0.6777777 0.6933284 0.7065432 0.7158150 0.4599241 0.3335585 0.4635101 0.4868435 0.4472817 0.3950847 0.3901616 0.6627342 0.8240667 1.0124000 
Goniopholis_lucasii        0.8730596 0.7725024 0.8730596 0.7801814 0.7408551 0.7057820 0.6654934 0.5567096 0.6778823 0.7029588 0.6825698 0.6942194 0.6846933 0.5832070 0.5644269 0.7982229 0.7407008 0.7834637 0.6421500 0.6904772 0.4295256 0.3390127 0.3301075 0.3507944 0.2137592 0.3094400 0.2819357 0.1331082 0.3811593 0.2562837 0.0000000 0.1311644 0.1119396 0.1405478 0.1552181 0.1777053 0.4141966 0.4403771 0.4141966 0.4075060 0.3962921 0.3231661 0.4669090 0.5063419 0.6172936 0.6846933 0.6380918 0.5748094 0.5485610 0.6144145 0.5688212 0.5477828 0.5215973 0.4185881 0.3803753 0.4471170 0.4328852 0.3835310 0.3842617 0.3712172 0.3772720 0.4267187 0.6001624 0.7935764 0.8522162 0.8134223 0.8299290 0.8870541 0.7982229 0.7721028 0.5413622 0.4136421 0.4883168 0.5521856 0.5280578 0.3379430 0.3635633 0.8397493 0.8567326 1.0979433 
Mahajangasuchus_insignis   0.9217332 0.9080499 0.9108688 0.8102765 0.7801814 0.7095314 0.6596722 0.6374692 0.6817064 0.7219631 0.6793552 0.7291115 0.6944378 0.5619203 0.5619203 0.7933190 0.7798164 0.7900128 0.5941262 0.6558177 0.4955621 0.4658321 0.3804891 0.4421905 0.3523167 0.3376322 0.3084751 0.2277456 0.1604670 0.2323077 0.1311644 0.0000000 0.0722698 0.1057678 0.1170994 0.1228219 0.4097450 0.4478757 0.4346099 0.4278836 0.3302567 0.2654237 0.2177704 0.3263764 0.3390127 0.6793552 0.6924086 0.6767368 0.6692102 0.6681982 0.5875830 0.6362030 0.5024789 0.5234813 0.5272280 0.5330280 0.5082698 0.5016499 0.4712302 0.4332701 0.4507104 0.4880168 0.6172936 0.7504018 0.8248987 0.8658374 0.8194406 0.9086542 0.8805046 0.7859098 0.4484984 0.4289681 0.4289681 0.5685379 0.5210139 0.3733007 0.4185180 0.8796785 0.8825309 0.9901982 
Alligator_mississippiensis 1.0113925 0.9992752 0.9721020 0.8727613 0.8173390 0.8052150 0.6911056 0.6338158 0.6582415 0.7028753 0.6759529 0.7082140 0.6825698 0.7990695 0.7810508 0.8759821 0.7840824 0.7923892 0.5780442 0.5925996 0.4505613 0.3580587 0.3444564 0.3837531 0.4005776 0.3203947 0.3080518 0.1871670 0.1464421 0.2237002 0.1119396 0.0722698 0.0000000 0.0384206 0.0444874 0.0536688 0.4168433 0.4764136 0.4403249 0.4035963 0.3194360 0.2988824 0.2177704 0.3557178 0.3390127 0.7024532 0.6249012 0.6598555 0.6152913 0.6656839 0.5972039 0.6142952 0.5557651 0.5807461 0.5740163 0.5783067 0.5773846 0.5607465 0.5563342 0.5023147 0.5116681 0.5056047 0.6793552 0.8076568 0.8515380 0.8392240 0.8879260 0.8813750 0.7892793 0.7805556 0.4455525 0.3989284 0.4368326 0.5674042 0.4966668 0.3620982 0.3787138 0.7847248 0.8694044 1.1196443 
Crocodylus                 1.0260449 0.9992752 0.9866831 0.8981869 0.8561806 0.8281609 0.7338190 0.6243891 0.6239838 0.7341191 0.7066764 0.7395615 0.7128790 0.8135408 0.7950215 0.8517380 0.7394627 0.7923892 0.5892698 0.5715089 0.4362241 0.3449001 0.3834813 0.4024433 0.4110626 0.3443492 0.3160322 0.1992394 0.1732493 0.2386846 0.1405478 0.1057678 0.0384206 0.0000000 0.0116394 0.0414486 0.4519024 0.4977165 0.4672359 0.3785770 0.3282791 0.3257905 0.1770979 0.3000569 0.2955776 0.7449398 0.6536809 0.6749313 0.6296974 0.6811882 0.6414942 0.6241704 0.5628617 0.5856896 0.5789102 0.5832070 0.5789102 0.5765802 0.5688994 0.5010485 0.5125088 0.4900451 0.7070712 0.8209167 0.8576845 0.8448290 0.8940820 0.8762820 0.8123133 0.8278738 0.4480426 0.4268378 0.4548242 0.5294833 0.5155652 0.3620982 0.4193443 0.7392596 0.7729171 1.0943793 
Caiman_crocodilus          0.9911129 1.0154700 0.9805889 0.8924583 0.8500991 0.8582434 0.7066764 0.6380918 0.6177404 0.7234333 0.6960850 0.7288567 0.7024532 0.8135408 0.7950215 0.8227003 0.7125407 0.7622480 0.5669637 0.5550901 0.4127695 0.3397374 0.3962921 0.3872679 0.4005776 0.3223296 0.3096863 0.2048653 0.1695649 0.2250325 0.1552181 0.1170994 0.0444874 0.0116394 0.0000000 0.0354033 0.4490187 0.4796707 0.4806821 0.3853072 0.3372144 0.3357187 0.2688493 0.3316189 0.4005776 0.7504018 0.6610294 0.6825698 0.6369922 0.6734010 0.6190630 0.6342280 0.5570730 0.5798331 0.5789102 0.5807461 0.5648693 0.5484417 0.5414998 0.4801960 0.4911933 0.4492480 0.6858165 0.8013722 0.8691899 0.8554018 0.9053286 0.8701283 0.7951881 0.8118091 0.4625182 0.4316618 0.4698487 0.5331727 0.5289954 0.3724536 0.4305557 0.7280541 0.7847248 1.1100159 
Gavialis_gangeticus        0.9096036 0.9768374 0.8968013 0.8546768 0.7742602 0.8227003 0.6752867 0.6098540 0.6066394 0.6719156 0.6604118 0.6772504 0.6521454 0.8135408 0.7950215 0.7997982 0.7339704 0.7445680 0.5605084 0.5149490 0.3945974 0.3397374 0.3834813 0.3872679 0.4005776 0.3061256 0.3017920 0.2162291 0.1695649 0.1983637 0.1777053 0.1228219 0.0536688 0.0414486 0.0354033 0.0000000 0.4490187 0.4942980 0.4643105 0.4058210 0.2913358 0.3087502 0.2177704 0.3316189 0.3390127 0.7286615 0.6352128 0.6558177 0.6256685 0.6463434 0.6066394 0.5865155 0.5513231 0.5740163 0.5672595 0.5658570 0.5500752 0.5347114 0.5281216 0.4699570 0.4807311 0.4298398 0.6997541 0.7628631 0.8292319 0.8037955 0.8505154 0.8110331 0.7504018 0.7730589 0.4698487 0.4268378 0.4457812 0.4787738 0.4908333 0.3644482 0.4055017 0.6850344 0.7847248 1.0366514 
Euoplocephalus_tutus       0.7928133 0.7580794 0.7432461 0.7717173 0.7080900 0.7104389 0.6237157 0.6264750 0.6235588 0.5669637 0.5540280 0.5624352 0.5452234 0.5582572 0.5460495 0.6975216 0.7363991 0.7430712 0.5497465 0.7262553 0.5512601 0.5750353 0.4619970 0.5850317 0.4698487 0.4414784 0.4165178 0.4070204 0.3376322 0.4122623 0.4141966 0.4097450 0.4168433 0.4519024 0.4490187 0.4490187 0.0000000 0.0338072 0.1663697 0.2973530 0.3008616 0.2226457 0.1695649 0.3475415 0.2815749 0.6558177 0.5755103 0.5836731 0.5941262 0.6308402 0.4902114 0.6568719 0.5817335 0.5351744 0.5351744 0.5551889 0.5261585 0.5341617 0.5365099 0.4931693 0.5117984 0.5586243 0.6587114 0.7345493 0.5926547 0.5104360 0.5832070 0.5666952 0.5875830 0.5670453 0.5292456 0.5170277 0.5319750 0.7736440 0.5922485 0.6528575 0.6189173 0.8812478 0.9416677 0.7951881 
Pinacosaurus_grangeri      0.7504018 0.7024532 0.7060022 0.7285956 0.6991357 0.7362338 0.6711612 0.6607164 0.6078407 0.5365099 0.5271681 0.5095856 0.5027661 0.5283086 0.5026107 0.7152062 0.7212728 0.6971865 0.5962452 0.7255896 0.6627342 0.5214071 0.4906188 0.6576473 0.4880168 0.3783404 0.3818082 0.4741148 0.2277456 0.4252275 0.4403771 0.4478757 0.4764136 0.4977165 0.4796707 0.4942980 0.0338072 0.0000000 0.1864907 0.3029622 0.3194360 0.1930314 0.1695649 0.3260222 0.2815749 0.6250339 0.6032740 0.5866889 0.6054792 0.6172936 0.5598981 0.6801871 0.6228768 0.5524463 0.5623229 0.5926547 0.5466149 0.5409904 0.5431286 0.5312268 0.5426821 0.4428778 0.6010109 0.7669998 0.5629539 0.5146535 0.5464169 0.5792189 0.6419050 0.6149316 0.5758884 0.5625713 0.5888514 0.7586042 0.6365676 0.6280571 0.6770373 0.8718165 0.7978447 0.8095385 
Sauropelta_edwardsorum     0.9663709 0.7817369 0.7871046 0.8074299 0.7009472 0.7238510 0.5321763 0.5258993 0.6032740 0.5598981 0.5262593 0.5555444 0.5492879 0.5000985 0.4781193 0.8206165 0.8081159 0.9108688 0.6505661 0.6719156 0.6414942 0.5706413 0.4099521 0.5629539 0.5636196 0.4418280 0.4805964 0.4101524 0.3523167 0.3804367 0.4141966 0.4346099 0.4403249 0.4672359 0.4806821 0.4643105 0.1663697 0.1864907 0.0000000 0.2381398 0.2277456 0.1630919 0.2688493 0.3000569 0.4005776 0.5941262 0.5365782 0.5480596 0.5341617 0.6785034 0.5283086 0.5907910 0.5534957 0.4846646 0.4596454 0.4591003 0.4679043 0.4821296 0.4529744 0.4619970 0.4793257 0.5331013 0.7801814 0.7504018 0.6507288 0.5792189 0.6421500 0.6355283 0.5810147 0.6160492 0.5388074 0.4350540 0.5411254 0.6909720 0.5049457 0.5717159 0.5941262 0.8554018 1.0476225 0.7840824 
Stegosaurus_stenops        0.9909054 0.8918987 0.8953243 0.8707891 0.7504018 0.8042311 0.6918424 0.6505661 0.6488031 0.6172936 0.5739572 0.6230376 0.5969881 0.5878352 0.5661734 0.8550935 0.7151373 0.8160076 0.5836731 0.5475221 0.5838915 0.4075060 0.4136421 0.4401957 0.6211250 0.4426767 0.4454856 0.3823541 0.4461724 0.3463452 0.4075060 0.4278836 0.4035963 0.3785770 0.3853072 0.4058210 0.2973530 0.3029622 0.2381398 0.0000000 0.2146377 0.2853589 0.3390127 0.3182118 0.3390127 0.5617241 0.5161503 0.5808369 0.5792189 0.6715982 0.5182232 0.5884870 0.5128875 0.4732016 0.4657156 0.4704836 0.4657156 0.4846178 0.4740602 0.5027189 0.5086336 0.4801960 0.6451383 0.8423084 0.7785073 0.7250299 0.7928133 0.7831628 0.7445107 0.6489566 0.4798368 0.4166854 0.5159410 0.6114746 0.5669637 0.4994698 0.5624352 0.8694044 0.9256458 0.8881772 
Scelidosaurus_harrisonii   0.8725785 0.8430368 0.7690650 0.7774921 0.7312622 0.6590923 0.5359925 0.5167068 0.4692303 0.5542519 0.5706413 0.5619203 0.5673383 0.4611411 0.4375176 0.8330978 0.7682330 0.8370834 0.5068037 0.5818985 0.5088151 0.3537753 0.3829258 0.3475415 0.5941262 0.3458948 0.3548116 0.3560988 0.3428957 0.2898111 0.3962921 0.3302567 0.3194360 0.3282791 0.3372144 0.2913358 0.3008616 0.3194360 0.2277456 0.2146377 0.0000000 0.1234161 0.3565169 0.3475415 0.3565169 0.6229590 0.5655887 0.6246160 0.5574513 0.6836484 0.5460495 0.4999299 0.4945859 0.4255819 0.4255819 0.4050330 0.4083372 0.4640403 0.4770614 0.4255173 0.4429571 0.5623229 0.7299579 0.7920766 0.8071409 0.6865802 0.7212728 0.7581789 0.6197144 0.6611018 0.4833181 0.4152459 0.5115805 0.6321221 0.5294054 0.4401957 0.5706413 0.7504018 1.0128676 0.8855123 
Scutellosaurus_lawleri     0.8730596 0.9583117 0.7984785 0.8580976 0.7504018 0.8259223 0.6380918 0.6525074 0.4840852 0.6838249 0.6197144 0.6133886 0.6627342 0.5242263 0.4888230 0.8095385 0.6937774 0.7960399 0.4484984 0.4393399 0.5460495 0.5161503 0.5057455 0.5118908 0.5104360 0.4146831 0.4163395 0.3104111 0.2955776 0.1797605 0.3231661 0.2654237 0.2988824 0.3257905 0.3357187 0.3087502 0.2226457 0.1930314 0.1630919 0.2853589 0.1234161 0.0000000 0.2815749 0.2761906 0.4221227 0.6477150 0.5141651 0.6139225 0.5026107 0.5497465 0.3282791 0.6205019 0.5038171 0.4701994 0.5038171 0.4427600 0.4433627 0.4038293 0.3617095 0.3970058 0.4273836 0.5081136 0.6380918 0.6627342 0.5941262 0.5600977 0.5317610 0.6133886 0.5625713 0.6264750 0.4732016 0.4095307 0.3795608 0.6758206 0.5685379 0.4371985 0.4587807 0.6825698 0.9781473 0.8442454 
Rapetosaurus_krausei       0.1853341 0.1853341 0.1853341 0.1853341 0.1853341 0.1853341 0.2277456 0.1853341 0.1853341 0.3390127 0.2815749 0.2688493 0.2277456 0.3110619 0.2507355 0.1853341 0.1853341 0.1853341 0.1853341 0.1853341 0.1853341 0.5104360 0.4221227 0.5832070 0.4669090 0.4931693 0.4931693 0.4433627 0.1648902 0.2277456 0.4669090 0.2177704 0.2177704 0.1770979 0.2688493 0.2177704 0.1695649 0.1695649 0.2688493 0.3390127 0.3565169 0.2815749 0.0000000 0.0427135 0.0839832 0.7504018 0.5388074 0.1853341 0.1853341 0.2277456 0.2277456 0.1853341 0.4433627 0.3231661 0.4433627 0.3811593 0.4005776 0.3390127 0.3565169 0.3390127 0.3390127 0.3390127 0.1853341 0.1853341 0.3811593 0.2815749 0.2688493 0.2688493 0.1853341 0.1853341 0.2386846 0.2277456 0.2789335 0.1853341 0.1853341 0.1853341 0.1853341 0.0000010 0.1853341 0.1853341 
Saltasaurus_loricatus      1.0319767 0.9871904 1.0203599 1.0319767 0.9343102 1.0096706 0.6144145 0.6713985 0.6440709 0.7661296 0.7048791 0.7201719 0.7048791 0.6451383 0.6451383 0.9060965 0.8374330 1.0203599 0.5104360 0.5207072 0.7167840 0.5301306 0.4638265 0.5026107 0.6197144 0.4548242 0.4603213 0.3574891 0.3057214 0.2688493 0.5063419 0.3263764 0.3557178 0.3000569 0.3316189 0.3316189 0.3475415 0.3260222 0.3000569 0.3182118 0.3475415 0.2761906 0.0427135 0.0000000 0.1351105 0.6080637 0.5758884 0.5323662 0.4619970 0.4421905 0.1853341 0.5706413 0.4960601 0.5582572 0.5340132 0.4931693 0.4960601 0.4498387 0.5136132 0.4221227 0.4221227 0.4498387 0.7834637 0.8616689 0.6739179 0.6648201 0.7060022 0.5977504 0.6477150 0.7504018 0.4669090 0.3692425 0.4849781 0.5182232 0.4529744 0.5528101 0.4849781 0.0000010 0.6627342 1.0141454 
Titanosauridae_sp          0.1853341 0.1853341 0.1853341 0.1853341 0.1853341 0.1853341 0.2277456 0.1853341 0.1853341 0.4221227 0.3565169 0.2277456 0.2955776 0.3976811 0.3282791 0.1853341 0.1853341 0.1853341 0.1853341 0.1853341 0.1853341 0.4669090 0.3759577 0.5388074 0.4931693 0.6066394 0.6066394 0.4669090 0.2955776 0.3565169 0.6172936 0.3390127 0.3390127 0.2955776 0.4005776 0.3390127 0.2815749 0.2815749 0.4005776 0.3390127 0.3565169 0.4221227 0.0839832 0.1351105 0.0000000 0.5388074 0.3692425 0.1853341 0.1853341 0.2277456 0.2277456 0.1853341 0.3390127 0.3390127 0.4669090 0.4005776 0.4221227 0.2955776 0.3565169 0.3565169 0.3390127 0.3565169 0.1853341 0.1853341 0.4005776 0.2955776 0.1770979 0.2815749 0.1853341 0.1853341 0.2507355 0.2277456 0.3692425 0.1853341 0.1853341 0.1853341 0.1853341 0.0000010 0.1853341 0.1853341 
Proganochelys_quenstedti   0.9416677 0.8920581 0.9479935 0.9583117 0.7760447 0.9477829 0.7932460 0.8292851 0.8144505 0.6636405 0.6674024 0.6636405 0.6755101 0.8016053 0.8322991 0.8147281 0.8707891 0.8985861 0.7577055 0.7992238 0.9220526 0.5081136 0.5744209 0.6576473 0.3475415 0.6137494 0.5732192 0.6289870 0.9416677 0.6451383 0.6846933 0.6793552 0.7024532 0.7449398 0.7504018 0.7286615 0.6558177 0.6250339 0.5941262 0.5617241 0.6229590 0.6477150 0.7504018 0.6080637 0.5388074 0.0000000 0.2079983 0.2112291 0.2193715 0.2425699 0.1562756 0.6351456 0.5034240 0.4882011 0.4597935 0.4811330 0.4891384 0.4573596 0.4849781 0.5173157 0.5173157 0.4806821 0.7349573 0.7698726 0.5202596 0.5168313 0.5200912 0.5299250 0.5442861 0.5438558 0.5333104 0.5706413 0.4541834 0.4606953 0.5262593 0.5579810 0.6369099 0.6611018 0.7504018 0.8510504 
Chelydra_serpentina        1.1129813 1.0979433 1.1644218 1.1355508 1.0108489 1.0679787 0.7504018 0.7216221 0.7504018 0.5306050 0.4956698 0.5104360 0.5204612 0.8234259 0.7913652 0.9856334 1.0727314 0.9645262 0.7578878 0.8528378 0.7276300 0.4599241 0.6637094 0.7140694 0.5038171 0.6721020 0.6033428 0.6213902 0.7167840 0.6503524 0.6380918 0.6924086 0.6249012 0.6536809 0.6610294 0.6352128 0.5755103 0.6032740 0.5365782 0.5161503 0.5655887 0.5141651 0.5388074 0.5758884 0.3692425 0.2079983 0.0000000 0.0309578 0.0524181 0.1063308 0.1216389 0.5506070 0.4878766 0.4202943 0.4351200 0.4239674 0.4258287 0.4458584 0.4573596 0.4294510 0.4294510 0.5388074 0.8160076 0.8781466 0.6102301 0.6074568 0.6504200 0.6320404 0.5983800 0.5785058 0.4700337 0.4931693 0.3733007 0.5187731 0.5176423 0.5495892 0.5844952 0.9807341 1.0051888 0.9609301 
Pseudemys_scripta          1.1559035 1.0749195 1.1334642 1.1799707 0.9837158 1.0744806 0.7686859 0.6940435 0.7099903 0.4956698 0.4704836 0.4758669 0.4857112 0.8136994 0.7814664 0.9918562 1.0794733 0.9461436 0.7577955 0.8445288 0.7280541 0.4732016 0.6677690 0.6881983 0.4931693 0.6353970 0.5574513 0.6303953 0.6414942 0.6862007 0.5748094 0.6767368 0.6598555 0.6749313 0.6825698 0.6558177 0.5836731 0.5866889 0.5480596 0.5808369 0.6246160 0.6139225 0.1853341 0.5323662 0.1853341 0.2112291 0.0309578 0.0000000 0.0309578 0.0832229 0.1098393 0.5349235 0.5349235 0.4333273 0.4603213 0.4429209 0.4449161 0.4487324 0.4604219 0.4427069 0.4427069 0.5802337 0.7825771 0.8324690 0.6288697 0.6341288 0.7006870 0.6717686 0.5899347 0.5413622 0.5255181 0.5388074 0.4040116 0.5347846 0.5605084 0.6121719 0.6303953 1.0794733 0.9860892 1.0032659 
